WARNING: Testbenchs/tb_cycle_tracer.v:58: $readmemh(Programs/bubble_sort.hex): Not enough words in the file for the requested range [0:4095].
[TRACER] Program loaded: Programs/bubble_sort.hex
=============================================================
 RISC-V T-STATE CYCLE TRACER
=============================================================
CYC    PC         OP[6:0]   TYPE     T-STATES HAZ    ALU    CACHE 
-------------------------------------------------------------
4      0x00000000  0110111  LUI       5         0      0      0     
5      0x00000004  0010011  I-ALU     5         0      0      0     
6      0x00000008  0110111  LUI       5         0      0      0     
7      0x0000000c  0010011  I-ALU     5         0      0      0     
8      0x00000010  0010011  I-ALU     5         0      0      0     
9      0x00000014  0010011  I-ALU     5         0      0      0     
10     0x00000018  0010011  I-ALU     5         0      0      0     
11     0x0000001c  0010011  I-ALU     5         0      0      0     
12     0x00000020  0110011  R-TYPE    5         0      0      0     
13     0x00000024  0010011  I-ALU     5         0      0      0     
14     0x00000028  0000011  LOAD      5         1      0      0     
15     0x0000002c  0000011  LOAD      5         0      0      0     
17     0x00000030  1100011  BRANCH    6         0      0      0     
20     0x00000034  0100011  STORE     7         0      0      0     
21     0x0000003c  0010011  I-ALU     6         0      0      0     
24     0x00000040  1100011  BRANCH    8         0      0      0     
25     0x00000044  0010011  I-ALU     8         0      0      0     
26     0x0000001c  0010011  I-ALU     7         0      0      0     
27     0x00000020  0110011  R-TYPE    7         1      0      0     
28     0x00000024  0010011  I-ALU     7         0      0      0     
30     0x00000028  0000011  LOAD      8         0      0      0     
33     0x0000002c  0000011  LOAD      10        0      0      0     
34     0x00000030  1100011  BRANCH    10        0      0      0     
37     0x00000034  0100011  STORE     11        0      0      0     
38     0x0000003c  0010011  I-ALU     10        0      0      0     
39     0x00000040  1100011  BRANCH    10        0      0      0     
40     0x00000044  0010011  I-ALU     10        1      0      0     
41     0x0000001c  0010011  I-ALU     9         0      0      0     
43     0x00000020  0110011  R-TYPE    10        0      0      0     
46     0x00000024  0010011  I-ALU     12        0      0      0     
47     0x00000028  0000011  LOAD      12        0      0      0     
50     0x0000002c  0000011  LOAD      14        0      0      0     
51     0x00000030  1100011  BRANCH    14        0      0      0     
52     0x00000034  0100011  STORE     13        0      0      0     
53     0x0000003c  0010011  I-ALU     12        1      0      0     
54     0x00000040  1100011  BRANCH    12        0      0      0     
56     0x00000044  0010011  I-ALU     13        0      0      0     
59     0x0000001c  0010011  I-ALU     14        0      0      0     
60     0x00000020  0110011  R-TYPE    14        0      0      0     
63     0x00000024  0010011  I-ALU     16        0      0      0     
64     0x00000028  0000011  LOAD      16        0      0      0     
65     0x0000002c  0000011  LOAD      16        0      0      0     
66     0x00000030  1100011  BRANCH    16        1      0      0     
67     0x00000034  0100011  STORE     15        0      0      0     
69     0x0000003c  0010011  I-ALU     15        0      0      0     
72     0x00000040  1100011  BRANCH    17        0      0      0     
73     0x00000044  0010011  I-ALU     17        0      0      0     
76     0x0000001c  0010011  I-ALU     18        0      0      0     
77     0x00000020  0110011  R-TYPE    18        0      0      0     
78     0x00000024  0010011  I-ALU     18        0      0      0     
79     0x00000028  0000011  LOAD      18        1      0      0     
80     0x0000002c  0000011  LOAD      18        0      0      0     
82     0x00000030  1100011  BRANCH    19        0      0      0     
85     0x00000034  0100011  STORE     20        0      0      0     
86     0x0000003c  0010011  I-ALU     19        0      0      0     
89     0x00000040  1100011  BRANCH    21        0      0      0     
90     0x00000044  0010011  I-ALU     21        0      0      0     
91     0x0000001c  0010011  I-ALU     20        0      0      0     
92     0x00000020  0110011  R-TYPE    20        1      0      0     
93     0x00000024  0010011  I-ALU     20        0      0      0     
95     0x00000028  0000011  LOAD      21        0      0      0     
98     0x0000002c  0000011  LOAD      23        0      0      0     
99     0x00000030  1100011  BRANCH    23        0      0      0     
102    0x00000024  0010011  I-ALU     3         0      0      0     
103    0x00000028  0000011  LOAD      3         0      0      0     
104    0x0000002c  0000011  LOAD      3         0      0      0     
105    0x00000030  1100011  BRANCH    3         1      0      0     
106    0x0000001c  0010011  I-ALU     22        0      0      0     
108    0x00000020  0110011  R-TYPE    23        0      0      0     
111    0x00000040  1100011  BRANCH    4         0      0      0     
112    0x00000044  0010011  I-ALU     4         0      0      0     
115    0x0000001c  0010011  I-ALU     5         0      0      0     
116    0x00000020  0110011  R-TYPE    5         0      0      0     
117    0x00000024  0010011  I-ALU     5         0      0      0     
118    0x00000028  0000011  LOAD      5         1      0      0     
119    0x0000002c  0000011  LOAD      5         0      0      0     
121    0x00000030  1100011  BRANCH    6         0      0      0     
124    0x00000034  0100011  STORE     7         0      0      0     
125    0x0000003c  0010011  I-ALU     6         0      0      0     
126    0x00000040  1100011  BRANCH    6         0      0      0     
127    0x00000044  0010011  I-ALU     6         0      0      0     
130    0x00000048  1100011  BRANCH    8         0      0      0     
131    0x0000004c  0001011  CUSTOM    8         0      0      0     
132    0x00000018  0010011  I-ALU     7         0      0      0     
133    0x0000001c  0010011  I-ALU     7         0      0      0     
134    0x00000020  0110011  R-TYPE    7         1      0      0     
135    0x00000024  0010011  I-ALU     7         0      0      0     
137    0x00000028  0000011  LOAD      8         0      0      0     
140    0x0000002c  0000011  LOAD      10        0      0      0     
141    0x00000030  1100011  BRANCH    10        0      0      0     
144    0x00000034  0100011  STORE     11        0      0      0     
145    0x0000003c  0010011  I-ALU     10        0      0      0     
146    0x00000040  1100011  BRANCH    10        0      0      0     
147    0x00000044  0010011  I-ALU     10        1      0      0     
148    0x0000001c  0010011  I-ALU     9         0      0      0     
150    0x00000020  0110011  R-TYPE    10        0      0      0     
153    0x00000024  0010011  I-ALU     12        0      0      0     
154    0x00000028  0000011  LOAD      12        0      0      0     
157    0x0000002c  0000011  LOAD      14        0      0      0     
158    0x00000030  1100011  BRANCH    14        0      0      0     
159    0x00000034  0100011  STORE     13        0      0      0     
160    0x0000003c  0010011  I-ALU     12        1      0      0     
161    0x00000040  1100011  BRANCH    12        0      0      0     
163    0x00000044  0010011  I-ALU     13        0      0      0     
166    0x0000001c  0010011  I-ALU     14        0      0      0     
167    0x00000020  0110011  R-TYPE    14        0      0      0     
170    0x00000024  0010011  I-ALU     16        0      0      0     
171    0x00000028  0000011  LOAD      16        0      0      0     
172    0x0000002c  0000011  LOAD      16        0      0      0     
173    0x00000030  1100011  BRANCH    16        1      0      0     
174    0x00000034  0100011  STORE     15        0      0      0     
176    0x0000003c  0010011  I-ALU     15        0      0      0     
179    0x00000040  1100011  BRANCH    17        0      0      0     
180    0x00000044  0010011  I-ALU     17        0      0      0     
183    0x0000001c  0010011  I-ALU     18        0      0      0     
184    0x00000020  0110011  R-TYPE    18        0      0      0     
185    0x00000024  0010011  I-ALU     18        0      0      0     
186    0x00000028  0000011  LOAD      18        1      0      0     
187    0x0000002c  0000011  LOAD      18        0      0      0     
189    0x00000030  1100011  BRANCH    19        0      0      0     
192    0x00000034  0100011  STORE     20        0      0      0     
193    0x0000003c  0010011  I-ALU     19        0      0      0     
196    0x00000040  1100011  BRANCH    21        0      0      0     
197    0x00000044  0010011  I-ALU     21        0      0      0     
198    0x0000001c  0010011  I-ALU     20        0      0      0     
199    0x00000020  0110011  R-TYPE    20        1      0      0     
200    0x00000024  0010011  I-ALU     20        0      0      0     
202    0x00000028  0000011  LOAD      21        0      0      0     
205    0x0000002c  0000011  LOAD      23        0      0      0     
206    0x00000030  1100011  BRANCH    23        0      0      0     
209    0x00000024  0010011  I-ALU     3         0      0      0     
210    0x00000028  0000011  LOAD      3         0      0      0     
211    0x0000002c  0000011  LOAD      3         0      0      0     
212    0x00000030  1100011  BRANCH    3         1      0      0     
213    0x0000001c  0010011  I-ALU     22        0      0      0     
215    0x00000020  0110011  R-TYPE    23        0      0      0     
218    0x00000040  1100011  BRANCH    4         0      0      0     
219    0x00000044  0010011  I-ALU     4         0      0      0     
222    0x0000001c  0010011  I-ALU     5         0      0      0     
223    0x00000020  0110011  R-TYPE    5         0      0      0     
224    0x00000024  0010011  I-ALU     5         0      0      0     
225    0x00000028  0000011  LOAD      5         1      0      0     
226    0x0000002c  0000011  LOAD      5         0      0      0     
228    0x00000030  1100011  BRANCH    6         0      0      0     
231    0x00000034  0100011  STORE     7         0      0      0     
232    0x0000003c  0010011  I-ALU     6         0      0      0     
235    0x00000040  1100011  BRANCH    8         0      0      0     
236    0x00000044  0010011  I-ALU     8         0      0      0     
237    0x0000001c  0010011  I-ALU     7         0      0      0     
238    0x00000020  0110011  R-TYPE    7         1      0      0     
239    0x00000024  0010011  I-ALU     7         0      0      0     
241    0x00000028  0000011  LOAD      8         0      0      0     
244    0x0000002c  0000011  LOAD      10        0      0      0     
245    0x00000030  1100011  BRANCH    10        0      0      0     
246    0x00000034  0100011  STORE     9         0      0      0     
247    0x0000003c  0010011  I-ALU     8         0      0      0     
250    0x00000040  1100011  BRANCH    10        0      0      0     
251    0x00000044  0010011  I-ALU     10        0      0      0     
252    0x00000048  1100011  BRANCH    10        0      0      0     
253    0x0000004c  0001011  CUSTOM    10        0      0      0     
254    0x00000018  0010011  I-ALU     9         1      0      0     
255    0x0000001c  0010011  I-ALU     9         0      0      0     
257    0x00000020  0110011  R-TYPE    10        0      0      0     
260    0x00000024  0010011  I-ALU     12        0      0      0     
261    0x00000028  0000011  LOAD      12        0      0      0     
264    0x0000002c  0000011  LOAD      14        0      0      0     
265    0x00000030  1100011  BRANCH    14        0      0      0     
266    0x00000034  0100011  STORE     13        0      0      0     
267    0x0000003c  0010011  I-ALU     12        1      0      0     
268    0x00000040  1100011  BRANCH    12        0      0      0     
270    0x00000044  0010011  I-ALU     13        0      0      0     
273    0x0000001c  0010011  I-ALU     14        0      0      0     
274    0x00000020  0110011  R-TYPE    14        0      0      0     
277    0x00000024  0010011  I-ALU     16        0      0      0     
278    0x00000028  0000011  LOAD      16        0      0      0     
279    0x0000002c  0000011  LOAD      16        0      0      0     
280    0x00000030  1100011  BRANCH    16        1      0      0     
281    0x00000034  0100011  STORE     15        0      0      0     
283    0x0000003c  0010011  I-ALU     15        0      0      0     
286    0x00000040  1100011  BRANCH    17        0      0      0     
287    0x00000044  0010011  I-ALU     17        0      0      0     
290    0x0000001c  0010011  I-ALU     18        0      0      0     
291    0x00000020  0110011  R-TYPE    18        0      0      0     
292    0x00000024  0010011  I-ALU     18        0      0      0     
293    0x00000028  0000011  LOAD      18        1      0      0     
294    0x0000002c  0000011  LOAD      18        0      0      0     
296    0x00000030  1100011  BRANCH    19        0      0      0     
299    0x00000034  0100011  STORE     20        0      0      0     
300    0x0000003c  0010011  I-ALU     19        0      0      0     
303    0x00000040  1100011  BRANCH    21        0      0      0     
304    0x00000044  0010011  I-ALU     21        0      0      0     
305    0x0000001c  0010011  I-ALU     20        0      0      0     
306    0x00000020  0110011  R-TYPE    20        1      0      0     
307    0x00000024  0010011  I-ALU     20        0      0      0     
309    0x00000028  0000011  LOAD      21        0      0      0     
312    0x0000002c  0000011  LOAD      23        0      0      0     
313    0x00000030  1100011  BRANCH    23        0      0      0     
316    0x00000024  0010011  I-ALU     3         0      0      0     
317    0x00000028  0000011  LOAD      3         0      0      0     
318    0x0000002c  0000011  LOAD      3         0      0      0     
319    0x00000030  1100011  BRANCH    3         1      0      0     
320    0x0000001c  0010011  I-ALU     22        0      0      0     
322    0x00000020  0110011  R-TYPE    23        0      0      0     
325    0x00000040  1100011  BRANCH    4         0      0      0     
326    0x00000044  0010011  I-ALU     4         0      0      0     
329    0x0000001c  0010011  I-ALU     5         0      0      0     
330    0x00000020  0110011  R-TYPE    5         0      0      0     
331    0x00000024  0010011  I-ALU     5         0      0      0     
332    0x00000028  0000011  LOAD      5         1      0      0     
333    0x0000002c  0000011  LOAD      5         0      0      0     
335    0x00000030  1100011  BRANCH    6         0      0      0     
338    0x00000034  0100011  STORE     7         0      0      0     
339    0x0000003c  0010011  I-ALU     6         0      0      0     
342    0x00000040  1100011  BRANCH    8         0      0      0     
343    0x00000044  0010011  I-ALU     8         0      0      0     
344    0x0000001c  0010011  I-ALU     7         0      0      0     
345    0x00000020  0110011  R-TYPE    7         1      0      0     
346    0x00000024  0010011  I-ALU     7         0      0      0     
348    0x00000028  0000011  LOAD      8         0      0      0     
351    0x0000002c  0000011  LOAD      10        0      0      0     
352    0x00000030  1100011  BRANCH    10        0      0      0     
355    0x00000034  0100011  STORE     11        0      0      0     
356    0x0000003c  0010011  I-ALU     10        0      0      0     
357    0x00000040  1100011  BRANCH    10        0      0      0     
358    0x00000044  0010011  I-ALU     10        1      0      0     
359    0x0000001c  0010011  I-ALU     9         0      0      0     
361    0x00000020  0110011  R-TYPE    10        0      0      0     
364    0x00000024  0010011  I-ALU     12        0      0      0     
365    0x00000028  0000011  LOAD      12        0      0      0     
366    0x0000002c  0000011  LOAD      12        0      0      0     
367    0x00000030  1100011  BRANCH    12        0      0      0     
370    0x00000034  0100011  STORE     13        0      0      0     
371    0x0000003c  0010011  I-ALU     12        0      0      0     
372    0x00000040  1100011  BRANCH    12        0      0      0     
373    0x00000044  0010011  I-ALU     12        0      0      0     
374    0x00000048  1100011  BRANCH    12        1      0      0     
375    0x0000004c  0001011  CUSTOM    12        0      0      0     
377    0x00000018  0010011  I-ALU     12        0      0      0     
380    0x0000001c  0010011  I-ALU     14        0      0      0     
381    0x00000020  0110011  R-TYPE    14        0      0      0     
384    0x00000024  0010011  I-ALU     16        0      0      0     
385    0x00000028  0000011  LOAD      16        0      0      0     
386    0x0000002c  0000011  LOAD      16        0      0      0     
387    0x00000030  1100011  BRANCH    16        1      0      0     
388    0x00000034  0100011  STORE     15        0      0      0     
390    0x0000003c  0010011  I-ALU     15        0      0      0     
393    0x00000040  1100011  BRANCH    17        0      0      0     
394    0x00000044  0010011  I-ALU     17        0      0      0     
397    0x0000001c  0010011  I-ALU     18        0      0      0     
398    0x00000020  0110011  R-TYPE    18        0      0      0     
399    0x00000024  0010011  I-ALU     18        0      0      0     
400    0x00000028  0000011  LOAD      18        1      0      0     
401    0x0000002c  0000011  LOAD      18        0      0      0     
403    0x00000030  1100011  BRANCH    19        0      0      0     
406    0x00000034  0100011  STORE     20        0      0      0     
407    0x0000003c  0010011  I-ALU     19        0      0      0     
410    0x00000040  1100011  BRANCH    21        0      0      0     
411    0x00000044  0010011  I-ALU     21        0      0      0     
412    0x0000001c  0010011  I-ALU     20        0      0      0     
413    0x00000020  0110011  R-TYPE    20        1      0      0     
414    0x00000024  0010011  I-ALU     20        0      0      0     
416    0x00000028  0000011  LOAD      21        0      0      0     
419    0x0000002c  0000011  LOAD      23        0      0      0     
420    0x00000030  1100011  BRANCH    23        0      0      0     
423    0x00000024  0010011  I-ALU     3         0      0      0     
424    0x00000028  0000011  LOAD      3         0      0      0     
425    0x0000002c  0000011  LOAD      3         0      0      0     
426    0x00000030  1100011  BRANCH    3         1      0      0     
427    0x0000001c  0010011  I-ALU     22        0      0      0     
429    0x00000020  0110011  R-TYPE    23        0      0      0     
432    0x00000040  1100011  BRANCH    4         0      0      0     
433    0x00000044  0010011  I-ALU     4         0      0      0     
436    0x0000001c  0010011  I-ALU     5         0      0      0     
437    0x00000020  0110011  R-TYPE    5         0      0      0     
438    0x00000024  0010011  I-ALU     5         0      0      0     
439    0x00000028  0000011  LOAD      5         1      0      0     
440    0x0000002c  0000011  LOAD      5         0      0      0     
442    0x00000030  1100011  BRANCH    6         0      0      0     
445    0x00000034  0100011  STORE     7         0      0      0     
446    0x0000003c  0010011  I-ALU     6         0      0      0     
449    0x00000040  1100011  BRANCH    8         0      0      0     
450    0x00000044  0010011  I-ALU     8         0      0      0     
451    0x0000001c  0010011  I-ALU     7         0      0      0     
452    0x00000020  0110011  R-TYPE    7         1      0      0     
453    0x00000024  0010011  I-ALU     7         0      0      0     
455    0x00000028  0000011  LOAD      8         0      0      0     
458    0x0000002c  0000011  LOAD      10        0      0      0     
459    0x00000030  1100011  BRANCH    10        0      0      0     
462    0x00000034  0100011  STORE     11        0      0      0     
463    0x0000003c  0010011  I-ALU     10        0      0      0     
464    0x00000040  1100011  BRANCH    10        0      0      0     
465    0x00000044  0010011  I-ALU     10        1      0      0     
466    0x0000001c  0010011  I-ALU     9         0      0      0     
468    0x00000020  0110011  R-TYPE    10        0      0      0     
471    0x00000024  0010011  I-ALU     12        0      0      0     
472    0x00000028  0000011  LOAD      12        0      0      0     
475    0x0000002c  0000011  LOAD      14        0      0      0     
476    0x00000030  1100011  BRANCH    14        0      0      0     
477    0x00000034  0100011  STORE     13        0      0      0     
478    0x0000003c  0010011  I-ALU     12        1      0      0     
479    0x00000040  1100011  BRANCH    12        0      0      0     
481    0x00000044  0010011  I-ALU     13        0      0      0     
484    0x0000001c  0010011  I-ALU     14        0      0      0     
485    0x00000020  0110011  R-TYPE    14        0      0      0     
486    0x00000024  0010011  I-ALU     14        0      0      0     
487    0x00000028  0000011  LOAD      14        0      0      0     
490    0x0000002c  0000011  LOAD      16        0      0      0     
491    0x00000030  1100011  BRANCH    16        0      0      0     
492    0x00000034  0100011  STORE     15        0      0      0     
493    0x0000003c  0010011  I-ALU     14        0      0      0     
494    0x00000040  1100011  BRANCH    14        1      0      0     
495    0x00000044  0010011  I-ALU     14        0      0      0     
497    0x00000048  1100011  BRANCH    15        0      0      0     
500    0x0000004c  0001011  CUSTOM    17        0      0      0     
501    0x00000018  0010011  I-ALU     16        0      0      0     
504    0x0000001c  0010011  I-ALU     18        0      0      0     
505    0x00000020  0110011  R-TYPE    18        0      0      0     
506    0x00000024  0010011  I-ALU     18        0      0      0     
507    0x00000028  0000011  LOAD      18        1      0      0     
508    0x0000002c  0000011  LOAD      18        0      0      0     
510    0x00000030  1100011  BRANCH    19        0      0      0     
513    0x00000034  0100011  STORE     20        0      0      0     
514    0x0000003c  0010011  I-ALU     19        0      0      0     
517    0x00000040  1100011  BRANCH    21        0      0      0     
518    0x00000044  0010011  I-ALU     21        0      0      0     
519    0x0000001c  0010011  I-ALU     20        0      0      0     
520    0x00000020  0110011  R-TYPE    20        1      0      0     
521    0x00000024  0010011  I-ALU     20        0      0      0     
523    0x00000028  0000011  LOAD      21        0      0      0     
526    0x0000002c  0000011  LOAD      23        0      0      0     
527    0x00000030  1100011  BRANCH    23        0      0      0     
530    0x00000024  0010011  I-ALU     3         0      0      0     
531    0x00000028  0000011  LOAD      3         0      0      0     
532    0x0000002c  0000011  LOAD      3         0      0      0     
533    0x00000030  1100011  BRANCH    3         1      0      0     
534    0x0000001c  0010011  I-ALU     22        0      0      0     
536    0x00000020  0110011  R-TYPE    23        0      0      0     
539    0x00000040  1100011  BRANCH    4         0      0      0     
540    0x00000044  0010011  I-ALU     4         0      0      0     
543    0x0000001c  0010011  I-ALU     5         0      0      0     
544    0x00000020  0110011  R-TYPE    5         0      0      0     
545    0x00000024  0010011  I-ALU     5         0      0      0     
546    0x00000028  0000011  LOAD      5         1      0      0     
547    0x0000002c  0000011  LOAD      5         0      0      0     
549    0x00000030  1100011  BRANCH    6         0      0      0     
552    0x00000034  0100011  STORE     7         0      0      0     
553    0x0000003c  0010011  I-ALU     6         0      0      0     
556    0x00000040  1100011  BRANCH    8         0      0      0     
557    0x00000044  0010011  I-ALU     8         0      0      0     
558    0x0000001c  0010011  I-ALU     7         0      0      0     
559    0x00000020  0110011  R-TYPE    7         1      0      0     
560    0x00000024  0010011  I-ALU     7         0      0      0     
562    0x00000028  0000011  LOAD      8         0      0      0     
565    0x0000002c  0000011  LOAD      10        0      0      0     
566    0x00000030  1100011  BRANCH    10        0      0      0     
569    0x00000034  0100011  STORE     11        0      0      0     
570    0x0000003c  0010011  I-ALU     10        0      0      0     
571    0x00000040  1100011  BRANCH    10        0      0      0     
572    0x00000044  0010011  I-ALU     10        1      0      0     
573    0x0000001c  0010011  I-ALU     9         0      0      0     
575    0x00000020  0110011  R-TYPE    10        0      0      0     
578    0x00000024  0010011  I-ALU     12        0      0      0     
579    0x00000028  0000011  LOAD      12        0      0      0     
582    0x0000002c  0000011  LOAD      14        0      0      0     
583    0x00000030  1100011  BRANCH    14        0      0      0     
584    0x00000034  0100011  STORE     13        0      0      0     
585    0x0000003c  0010011  I-ALU     12        1      0      0     
586    0x00000040  1100011  BRANCH    12        0      0      0     
588    0x00000044  0010011  I-ALU     13        0      0      0     
591    0x0000001c  0010011  I-ALU     14        0      0      0     
592    0x00000020  0110011  R-TYPE    14        0      0      0     
595    0x00000024  0010011  I-ALU     16        0      0      0     
596    0x00000028  0000011  LOAD      16        0      0      0     
597    0x0000002c  0000011  LOAD      16        0      0      0     
598    0x00000030  1100011  BRANCH    16        1      0      0     
599    0x00000034  0100011  STORE     15        0      0      0     
601    0x0000003c  0010011  I-ALU     15        0      0      0     
604    0x00000040  1100011  BRANCH    17        0      0      0     
605    0x00000044  0010011  I-ALU     17        0      0      0     
606    0x0000001c  0010011  I-ALU     16        0      0      0     
607    0x00000020  0110011  R-TYPE    16        0      0      0     
610    0x00000024  0010011  I-ALU     18        0      0      0     
611    0x00000028  0000011  LOAD      18        0      0      0     
612    0x0000002c  0000011  LOAD      18        0      0      0     
613    0x00000030  1100011  BRANCH    18        0      0      0     
614    0x00000034  0100011  STORE     17        1      0      0     
615    0x0000003c  0010011  I-ALU     16        0      0      0     
617    0x00000040  1100011  BRANCH    17        0      0      0     
620    0x00000044  0010011  I-ALU     19        0      0      0     
621    0x00000048  1100011  BRANCH    19        0      0      0     
624    0x0000004c  0001011  CUSTOM    21        0      0      0     
625    0x00000018  0010011  I-ALU     20        0      0      0     
626    0x0000001c  0010011  I-ALU     20        0      0      0     
627    0x00000020  0110011  R-TYPE    20        1      0      0     
628    0x00000024  0010011  I-ALU     20        0      0      0     
630    0x00000028  0000011  LOAD      21        0      0      0     
633    0x0000002c  0000011  LOAD      23        0      0      0     
634    0x00000030  1100011  BRANCH    23        0      0      0     
637    0x00000024  0010011  I-ALU     3         0      0      0     
638    0x00000028  0000011  LOAD      3         0      0      0     
639    0x0000002c  0000011  LOAD      3         0      0      0     
640    0x00000030  1100011  BRANCH    3         1      0      0     
641    0x0000001c  0010011  I-ALU     22        0      0      0     
643    0x00000020  0110011  R-TYPE    23        0      0      0     
646    0x00000040  1100011  BRANCH    4         0      0      0     
647    0x00000044  0010011  I-ALU     4         0      0      0     
650    0x0000001c  0010011  I-ALU     5         0      0      0     
651    0x00000020  0110011  R-TYPE    5         0      0      0     
652    0x00000024  0010011  I-ALU     5         0      0      0     
653    0x00000028  0000011  LOAD      5         1      0      0     
654    0x0000002c  0000011  LOAD      5         0      0      0     
656    0x00000030  1100011  BRANCH    6         0      0      0     
659    0x00000034  0100011  STORE     7         0      0      0     
660    0x0000003c  0010011  I-ALU     6         0      0      0     
663    0x00000040  1100011  BRANCH    8         0      0      0     
664    0x00000044  0010011  I-ALU     8         0      0      0     
665    0x0000001c  0010011  I-ALU     7         0      0      0     
666    0x00000020  0110011  R-TYPE    7         1      0      0     
667    0x00000024  0010011  I-ALU     7         0      0      0     
669    0x00000028  0000011  LOAD      8         0      0      0     
672    0x0000002c  0000011  LOAD      10        0      0      0     
673    0x00000030  1100011  BRANCH    10        0      0      0     
676    0x00000034  0100011  STORE     11        0      0      0     
677    0x0000003c  0010011  I-ALU     10        0      0      0     
678    0x00000040  1100011  BRANCH    10        0      0      0     
679    0x00000044  0010011  I-ALU     10        1      0      0     
680    0x0000001c  0010011  I-ALU     9         0      0      0     
682    0x00000020  0110011  R-TYPE    10        0      0      0     
685    0x00000024  0010011  I-ALU     12        0      0      0     
686    0x00000028  0000011  LOAD      12        0      0      0     
689    0x0000002c  0000011  LOAD      14        0      0      0     
690    0x00000030  1100011  BRANCH    14        0      0      0     
691    0x00000034  0100011  STORE     13        0      0      0     
692    0x0000003c  0010011  I-ALU     12        1      0      0     
693    0x00000040  1100011  BRANCH    12        0      0      0     
695    0x00000044  0010011  I-ALU     13        0      0      0     
698    0x0000001c  0010011  I-ALU     14        0      0      0     
699    0x00000020  0110011  R-TYPE    14        0      0      0     
702    0x00000024  0010011  I-ALU     16        0      0      0     
703    0x00000028  0000011  LOAD      16        0      0      0     
704    0x0000002c  0000011  LOAD      16        0      0      0     
705    0x00000030  1100011  BRANCH    16        1      0      0     
706    0x00000034  0100011  STORE     15        0      0      0     
708    0x0000003c  0010011  I-ALU     15        0      0      0     
711    0x00000040  1100011  BRANCH    17        0      0      0     
712    0x00000044  0010011  I-ALU     17        0      0      0     
715    0x0000001c  0010011  I-ALU     18        0      0      0     
716    0x00000020  0110011  R-TYPE    18        0      0      0     
717    0x00000024  0010011  I-ALU     18        0      0      0     
718    0x00000028  0000011  LOAD      18        1      0      0     
719    0x0000002c  0000011  LOAD      18        0      0      0     
721    0x00000030  1100011  BRANCH    19        0      0      0     
724    0x00000034  0100011  STORE     20        0      0      0     
725    0x0000003c  0010011  I-ALU     19        0      0      0     
726    0x00000040  1100011  BRANCH    19        0      0      0     
727    0x00000044  0010011  I-ALU     19        0      0      0     
730    0x0000001c  0010011  I-ALU     20        0      0      0     
731    0x00000020  0110011  R-TYPE    20        0      0      0     
732    0x00000024  0010011  I-ALU     20        0      0      0     
733    0x00000028  0000011  LOAD      20        0      0      0     
734    0x0000002c  0000011  LOAD      20        1      0      0     
735    0x00000030  1100011  BRANCH    20        0      0      0     
737    0x00000034  0100011  STORE     20        0      0      0     
740    0x0000003c  0010011  I-ALU     21        0      0      0     
741    0x00000040  1100011  BRANCH    21        0      0      0     
744    0x00000024  0010011  I-ALU     3         0      0      0     
745    0x00000028  0000011  LOAD      3         0      0      0     
746    0x0000002c  0000011  LOAD      3         0      0      0     
747    0x00000030  1100011  BRANCH    3         1      0      0     
748    0x0000001c  0010011  I-ALU     22        0      0      0     
750    0x00000020  0110011  R-TYPE    23        0      0      0     
753    0x00000040  1100011  BRANCH    4         0      0      0     
754    0x00000044  0010011  I-ALU     4         0      0      0     
757    0x0000001c  0010011  I-ALU     5         0      0      0     
758    0x00000020  0110011  R-TYPE    5         0      0      0     
759    0x00000024  0010011  I-ALU     5         0      0      0     
760    0x00000028  0000011  LOAD      5         1      0      0     
761    0x0000002c  0000011  LOAD      5         0      0      0     
763    0x00000030  1100011  BRANCH    6         0      0      0     
766    0x00000034  0100011  STORE     7         0      0      0     
767    0x0000003c  0010011  I-ALU     6         0      0      0     
770    0x00000040  1100011  BRANCH    8         0      0      0     
771    0x00000044  0010011  I-ALU     8         0      0      0     
772    0x0000001c  0010011  I-ALU     7         0      0      0     
773    0x00000020  0110011  R-TYPE    7         1      0      0     
774    0x00000024  0010011  I-ALU     7         0      0      0     
776    0x00000028  0000011  LOAD      8         0      0      0     
779    0x0000002c  0000011  LOAD      10        0      0      0     
780    0x00000030  1100011  BRANCH    10        0      0      0     
783    0x00000034  0100011  STORE     11        0      0      0     
784    0x0000003c  0010011  I-ALU     10        0      0      0     
785    0x00000040  1100011  BRANCH    10        0      0      0     
786    0x00000044  0010011  I-ALU     10        1      0      0     
787    0x0000001c  0010011  I-ALU     9         0      0      0     
789    0x00000020  0110011  R-TYPE    10        0      0      0     
792    0x00000024  0010011  I-ALU     12        0      0      0     
793    0x00000028  0000011  LOAD      12        0      0      0     
796    0x0000002c  0000011  LOAD      14        0      0      0     
797    0x00000030  1100011  BRANCH    14        0      0      0     
798    0x00000034  0100011  STORE     13        0      0      0     
799    0x0000003c  0010011  I-ALU     12        1      0      0     
800    0x00000040  1100011  BRANCH    12        0      0      0     
802    0x00000044  0010011  I-ALU     13        0      0      0     
805    0x0000001c  0010011  I-ALU     14        0      0      0     
806    0x00000020  0110011  R-TYPE    14        0      0      0     
809    0x00000024  0010011  I-ALU     16        0      0      0     
810    0x00000028  0000011  LOAD      16        0      0      0     
811    0x0000002c  0000011  LOAD      16        0      0      0     
812    0x00000030  1100011  BRANCH    16        1      0      0     
813    0x00000034  0100011  STORE     15        0      0      0     
815    0x0000003c  0010011  I-ALU     15        0      0      0     
818    0x00000040  1100011  BRANCH    17        0      0      0     
819    0x00000044  0010011  I-ALU     17        0      0      0     
822    0x0000001c  0010011  I-ALU     18        0      0      0     
823    0x00000020  0110011  R-TYPE    18        0      0      0     
824    0x00000024  0010011  I-ALU     18        0      0      0     
825    0x00000028  0000011  LOAD      18        1      0      0     
826    0x0000002c  0000011  LOAD      18        0      0      0     
828    0x00000030  1100011  BRANCH    19        0      0      0     
831    0x00000034  0100011  STORE     20        0      0      0     
832    0x0000003c  0010011  I-ALU     19        0      0      0     
835    0x00000040  1100011  BRANCH    21        0      0      0     
836    0x00000044  0010011  I-ALU     21        0      0      0     
837    0x0000001c  0010011  I-ALU     20        0      0      0     
838    0x00000020  0110011  R-TYPE    20        1      0      0     
839    0x00000024  0010011  I-ALU     20        0      0      0     
841    0x00000028  0000011  LOAD      21        0      0      0     
844    0x0000002c  0000011  LOAD      23        0      0      0     
845    0x00000030  1100011  BRANCH    23        0      0      0     
846    0x00000034  0100011  STORE     22        0      0      0     
847    0x0000003c  0010011  I-ALU     21        0      0      0     
850    0x00000020  0110011  R-TYPE    3         0      0      0     
851    0x00000024  0010011  I-ALU     3         0      0      0     
852    0x00000028  0000011  LOAD      3         0      0      0     
853    0x0000002c  0000011  LOAD      3         0      0      0     
854    0x00000030  1100011  BRANCH    3         1      0      0     
855    0x00000028  0000011  LOAD      22        0      0      0     
857    0x0000002c  0000011  LOAD      23        0      0      0     
860    0x00000040  1100011  BRANCH    4         0      0      0     
861    0x00000044  0010011  I-ALU     4         0      0      0     
864    0x0000001c  0010011  I-ALU     5         0      0      0     
865    0x00000020  0110011  R-TYPE    5         0      0      0     
866    0x00000024  0010011  I-ALU     5         0      0      0     
867    0x00000028  0000011  LOAD      5         1      0      0     
868    0x0000002c  0000011  LOAD      5         0      0      0     
870    0x00000030  1100011  BRANCH    6         0      0      0     
873    0x00000034  0100011  STORE     7         0      0      0     
874    0x0000003c  0010011  I-ALU     6         0      0      0     
877    0x00000040  1100011  BRANCH    8         0      0      0     
878    0x00000044  0010011  I-ALU     8         0      0      0     
879    0x0000001c  0010011  I-ALU     7         0      0      0     
880    0x00000020  0110011  R-TYPE    7         1      0      0     
881    0x00000024  0010011  I-ALU     7         0      0      0     
883    0x00000028  0000011  LOAD      8         0      0      0     
886    0x0000002c  0000011  LOAD      10        0      0      0     
887    0x00000030  1100011  BRANCH    10        0      0      0     
890    0x00000034  0100011  STORE     11        0      0      0     
891    0x0000003c  0010011  I-ALU     10        0      0      0     
892    0x00000040  1100011  BRANCH    10        0      0      0     
893    0x00000044  0010011  I-ALU     10        1      0      0     
894    0x0000001c  0010011  I-ALU     9         0      0      0     
896    0x00000020  0110011  R-TYPE    10        0      0      0     
899    0x00000024  0010011  I-ALU     12        0      0      0     
900    0x00000028  0000011  LOAD      12        0      0      0     
903    0x0000002c  0000011  LOAD      14        0      0      0     
904    0x00000030  1100011  BRANCH    14        0      0      0     
905    0x00000034  0100011  STORE     13        0      0      0     
906    0x0000003c  0010011  I-ALU     12        1      0      0     
907    0x00000040  1100011  BRANCH    12        0      0      0     
909    0x00000044  0010011  I-ALU     13        0      0      0     
912    0x0000001c  0010011  I-ALU     14        0      0      0     
913    0x00000020  0110011  R-TYPE    14        0      0      0     
916    0x00000024  0010011  I-ALU     16        0      0      0     
917    0x00000028  0000011  LOAD      16        0      0      0     
918    0x0000002c  0000011  LOAD      16        0      0      0     
919    0x00000030  1100011  BRANCH    16        1      0      0     
920    0x00000034  0100011  STORE     15        0      0      0     
922    0x0000003c  0010011  I-ALU     15        0      0      0     
925    0x00000040  1100011  BRANCH    17        0      0      0     
926    0x00000044  0010011  I-ALU     17        0      0      0     
929    0x0000001c  0010011  I-ALU     18        0      0      0     
930    0x00000020  0110011  R-TYPE    18        0      0      0     
931    0x00000024  0010011  I-ALU     18        0      0      0     
932    0x00000028  0000011  LOAD      18        1      0      0     
933    0x0000002c  0000011  LOAD      18        0      0      0     
935    0x00000030  1100011  BRANCH    19        0      0      0     
938    0x00000034  0100011  STORE     20        0      0      0     
939    0x0000003c  0010011  I-ALU     19        0      0      0     
942    0x00000040  1100011  BRANCH    21        0      0      0     
943    0x00000044  0010011  I-ALU     21        0      0      0     
944    0x0000001c  0010011  I-ALU     20        0      0      0     
945    0x00000020  0110011  R-TYPE    20        1      0      0     
946    0x00000024  0010011  I-ALU     20        0      0      0     
948    0x00000028  0000011  LOAD      21        0      0      0     
951    0x0000002c  0000011  LOAD      23        0      0      0     
952    0x00000030  1100011  BRANCH    23        0      0      0     
955    0x00000024  0010011  I-ALU     3         0      0      0     
956    0x00000028  0000011  LOAD      3         0      0      0     
957    0x0000002c  0000011  LOAD      3         0      0      0     
958    0x00000030  1100011  BRANCH    3         1      0      0     
959    0x0000001c  0010011  I-ALU     22        0      0      0     
961    0x00000020  0110011  R-TYPE    23        0      0      0     
964    0x00000040  1100011  BRANCH    4         0      0      0     
965    0x00000044  0010011  I-ALU     4         0      0      0     
966    0x00000048  1100011  BRANCH    4         0      0      0     
967    0x0000004c  0001011  CUSTOM    4         0      0      0     
970    0x00000018  0010011  I-ALU     5         0      0      0     
971    0x0000001c  0010011  I-ALU     5         0      0      0     
972    0x00000020  0110011  R-TYPE    5         0      0      0     
973    0x00000024  0010011  I-ALU     5         0      0      0     
974    0x00000028  0000011  LOAD      5         1      0      0     
975    0x0000002c  0000011  LOAD      5         0      0      0     
977    0x00000030  1100011  BRANCH    6         0      0      0     
980    0x00000034  0100011  STORE     7         0      0      0     
981    0x0000003c  0010011  I-ALU     6         0      0      0     
984    0x00000040  1100011  BRANCH    8         0      0      0     
985    0x00000044  0010011  I-ALU     8         0      0      0     
986    0x0000001c  0010011  I-ALU     7         0      0      0     
987    0x00000020  0110011  R-TYPE    7         1      0      0     
988    0x00000024  0010011  I-ALU     7         0      0      0     
990    0x00000028  0000011  LOAD      8         0      0      0     
993    0x0000002c  0000011  LOAD      10        0      0      0     
994    0x00000030  1100011  BRANCH    10        0      0      0     
997    0x00000034  0100011  STORE     11        0      0      0     
998    0x0000003c  0010011  I-ALU     10        0      0      0     
999    0x00000040  1100011  BRANCH    10        0      0      0     
1000   0x00000044  0010011  I-ALU     10        1      0      0     
1001   0x0000001c  0010011  I-ALU     9         0      0      0     
1003   0x00000020  0110011  R-TYPE    10        0      0      0     
1006   0x00000024  0010011  I-ALU     12        0      0      0     
1007   0x00000028  0000011  LOAD      12        0      0      0     
1010   0x0000002c  0000011  LOAD      14        0      0      0     
1011   0x00000030  1100011  BRANCH    14        0      0      0     
1012   0x00000034  0100011  STORE     13        0      0      0     
1013   0x0000003c  0010011  I-ALU     12        1      0      0     
1014   0x00000040  1100011  BRANCH    12        0      0      0     
1016   0x00000044  0010011  I-ALU     13        0      0      0     
1019   0x0000001c  0010011  I-ALU     14        0      0      0     
1020   0x00000020  0110011  R-TYPE    14        0      0      0     
1023   0x00000024  0010011  I-ALU     16        0      0      0     
1024   0x00000028  0000011  LOAD      16        0      0      0     
1025   0x0000002c  0000011  LOAD      16        0      0      0     
1026   0x00000030  1100011  BRANCH    16        1      0      0     
1027   0x00000034  0100011  STORE     15        0      0      0     
1029   0x0000003c  0010011  I-ALU     15        0      0      0     
1032   0x00000040  1100011  BRANCH    17        0      0      0     
1033   0x00000044  0010011  I-ALU     17        0      0      0     
1036   0x0000001c  0010011  I-ALU     18        0      0      0     
1037   0x00000020  0110011  R-TYPE    18        0      0      0     
1038   0x00000024  0010011  I-ALU     18        0      0      0     
1039   0x00000028  0000011  LOAD      18        1      0      0     
1040   0x0000002c  0000011  LOAD      18        0      0      0     
1042   0x00000030  1100011  BRANCH    19        0      0      0     
1045   0x00000034  0100011  STORE     20        0      0      0     
1046   0x0000003c  0010011  I-ALU     19        0      0      0     
1049   0x00000040  1100011  BRANCH    21        0      0      0     
1050   0x00000044  0010011  I-ALU     21        0      0      0     
1051   0x0000001c  0010011  I-ALU     20        0      0      0     
1052   0x00000020  0110011  R-TYPE    20        1      0      0     
1053   0x00000024  0010011  I-ALU     20        0      0      0     
1055   0x00000028  0000011  LOAD      21        0      0      0     
1058   0x0000002c  0000011  LOAD      23        0      0      0     
1059   0x00000030  1100011  BRANCH    23        0      0      0     
1062   0x00000024  0010011  I-ALU     3         0      0      0     
1063   0x00000028  0000011  LOAD      3         0      0      0     
1064   0x0000002c  0000011  LOAD      3         0      0      0     
1065   0x00000030  1100011  BRANCH    3         1      0      0     
1066   0x0000001c  0010011  I-ALU     22        0      0      0     
1068   0x00000020  0110011  R-TYPE    23        0      0      0     
1071   0x00000040  1100011  BRANCH    4         0      0      0     
1072   0x00000044  0010011  I-ALU     4         0      0      0     
1075   0x0000001c  0010011  I-ALU     5         0      0      0     
1076   0x00000020  0110011  R-TYPE    5         0      0      0     
1077   0x00000024  0010011  I-ALU     5         0      0      0     
1078   0x00000028  0000011  LOAD      5         1      0      0     
1079   0x0000002c  0000011  LOAD      5         0      0      0     
1081   0x00000030  1100011  BRANCH    6         0      0      0     
1084   0x00000034  0100011  STORE     7         0      0      0     
1085   0x0000003c  0010011  I-ALU     6         0      0      0     
1086   0x00000040  1100011  BRANCH    6         0      0      0     
1087   0x00000044  0010011  I-ALU     6         0      0      0     
1088   0x00000048  1100011  BRANCH    6         0      0      0     
1089   0x0000004c  0001011  CUSTOM    6         0      0      0     
-------------------------------------------------------------

=============================================================
 INSTRUCTION CLASS SUMMARY
CLASS         COUNT   TOT-T-ST   AVG-T-ST  TOT-STALL
-------------------------------------------------------------
R-TYPE           71        953         13        600
I-ALU           266       3226         12       1926
LOAD            144       1767         12       1087
STORE            53        704         13        439
BRANCH          140       1720         12       1051
LUI               2         10          5          0
CUSTOM            7         78         11         44
-------------------------------------------------------------
TOTAL           683          -          -       5147
=============================================================

[TRACER] CPI stall overhead: haz=81  alu=0  cache=0
Testbenchs/tb_cycle_tracer.v:351: $finish called at 10925000 (1ps)
1090   0x00000034  0100011  STORE     26        0      0      0     
