WARNING: Testbenchs/tb_cycle_tracer.v:58: $readmemh(Programs/float_sub.hex): Not enough words in the file for the requested range [0:4095].
[TRACER] Program loaded: Programs/float_sub.hex
=============================================================
 RISC-V T-STATE CYCLE TRACER
=============================================================
CYC    PC         OP[6:0]   TYPE     T-STATES HAZ    ALU    CACHE 
-------------------------------------------------------------
4      0x00000000  0110111  LUI       5         0      0      0     
5      0x00000004  0010011  I-ALU     5         0      0      0     
6      0x00000008  0010011  I-ALU     5         0      0      0     
7      0x0000000c  0110111  LUI       5         0      0      0     
8      0x00000010  0110111  LUI       5         0      0      0     
9      0x00000014  0010011  I-ALU     5         0      0      0     
10     0x00000018  0100011  STORE     5         0      0      0     
11     0x0000001c  0100011  STORE     5         0      0      0     
12     0x00000020  0010011  I-ALU     5         0      0      0     
13     0x00000024  0010011  I-ALU     5         0      0      0     
14     0x00000028  0010011  I-ALU     5         0      0      0     
15     0x0000002c  1100011  BRANCH    5         0      0      0     
18     0x00000030  0110111  LUI       7         0      0      0     
19     0x00000018  0100011  STORE     6         0      0      0     
20     0x0000001c  0100011  STORE     6         0      0      0     
21     0x00000020  0010011  I-ALU     6         0      0      0     
22     0x00000024  0010011  I-ALU     6         0      0      0     
23     0x00000028  0010011  I-ALU     6         0      0      0     
26     0x0000002c  1100011  BRANCH    8         0      0      0     
27     0x00000030  0110111  LUI       8         0      0      0     
28     0x00000018  0100011  STORE     7         0      0      0     
29     0x0000001c  0100011  STORE     7         0      0      0     
30     0x00000020  0010011  I-ALU     7         0      0      0     
31     0x00000024  0010011  I-ALU     7         0      0      0     
34     0x00000028  0010011  I-ALU     9         0      0      0     
35     0x0000002c  1100011  BRANCH    9         0      0      0     
36     0x00000030  0110111  LUI       9         0      0      0     
37     0x00000018  0100011  STORE     8         0      0      0     
38     0x0000001c  0100011  STORE     8         0      0      0     
39     0x00000020  0010011  I-ALU     8         0      0      0     
42     0x00000024  0010011  I-ALU     10        0      0      0     
43     0x00000028  0010011  I-ALU     10        0      0      0     
44     0x0000002c  1100011  BRANCH    10        0      0      0     
45     0x00000030  0110111  LUI       10        0      0      0     
46     0x00000018  0100011  STORE     9         0      0      0     
47     0x0000001c  0100011  STORE     9         0      0      0     
50     0x00000020  0010011  I-ALU     11        0      0      0     
51     0x00000024  0010011  I-ALU     11        0      0      0     
52     0x00000028  0010011  I-ALU     11        0      0      0     
53     0x0000002c  1100011  BRANCH    11        0      0      0     
54     0x00000030  0110111  LUI       11        0      0      0     
55     0x00000018  0100011  STORE     10        0      0      0     
56     0x0000001c  0100011  STORE     10        0      0      0     
57     0x00000020  0010011  I-ALU     10        0      0      0     
58     0x00000024  0010011  I-ALU     10        0      0      0     
59     0x00000028  0010011  I-ALU     10        0      0      0     
60     0x0000002c  1100011  BRANCH    10        1      0      0     
61     0x00000030  0110111  LUI       10        0      0      0     
63     0x00000034  0010011  I-ALU     11        0      0      0     
64     0x00000038  0010011  I-ALU     11        0      0      0     
65     0x0000003c  0010011  I-ALU     11        0      0      0     
66     0x00000040  0000011  LOAD      11        0      0      0     
67     0x00000044  0000011  LOAD      11        0      0      0     
68     0x00000048  1010011  FP-OP     11        0      0      0     
69     0x0000004c  0100011  STORE     10        0      0      0     
72     0x00000050  0010011  I-ALU     12        1      0      0     
73     0x00000054  0010011  I-ALU     12        0      0      0     
75     0x00000058  0010011  I-ALU     13        0      0      0     
76     0x0000005c  0010011  I-ALU     13        0      0      0     
77     0x00000060  1100011  BRANCH    13        0      0      0     
78     0x00000064  0001011  CUSTOM    13        0      0      0     
79     0x00000040  0000011  LOAD      12        0      0      0     
80     0x00000044  0000011  LOAD      12        0      0      0     
81     0x00000048  1010011  FP-OP     12        0      0      0     
84     0x0000004c  0100011  STORE     13        1      0      0     
85     0x00000050  0010011  I-ALU     13        0      0      0     
87     0x00000054  0010011  I-ALU     14        0      0      0     
88     0x00000058  0010011  I-ALU     14        0      0      0     
89     0x0000005c  0010011  I-ALU     14        0      0      0     
90     0x00000060  1100011  BRANCH    14        0      0      0     
91     0x00000064  0001011  CUSTOM    14        0      0      0     
92     0x00000040  0000011  LOAD      13        0      0      0     
93     0x00000044  0000011  LOAD      13        0      0      0     
96     0x00000048  1010011  FP-OP     15        1      0      0     
97     0x0000004c  0100011  STORE     14        0      0      0     
99     0x00000050  0010011  I-ALU     15        0      0      0     
100    0x00000054  0010011  I-ALU     15        0      0      0     
101    0x00000058  0010011  I-ALU     15        0      0      0     
102    0x0000005c  0010011  I-ALU     15        0      0      0     
103    0x00000060  1100011  BRANCH    15        0      0      0     
104    0x00000064  0001011  CUSTOM    15        0      0      0     
105    0x00000040  0000011  LOAD      14        0      0      0     
108    0x00000044  0000011  LOAD      16        1      0      0     
109    0x00000048  1010011  FP-OP     16        0      0      0     
111    0x0000004c  0100011  STORE     16        0      0      0     
112    0x00000050  0010011  I-ALU     16        0      0      0     
113    0x00000054  0010011  I-ALU     16        0      0      0     
114    0x00000058  0010011  I-ALU     16        0      0      0     
115    0x0000005c  0010011  I-ALU     16        0      0      0     
116    0x00000060  1100011  BRANCH    16        0      0      0     
117    0x00000064  0001011  CUSTOM    16        0      0      0     
120    0x00000040  0000011  LOAD      17        1      0      0     
121    0x00000044  0000011  LOAD      17        0      0      0     
123    0x00000048  1010011  FP-OP     18        0      0      0     
124    0x0000004c  0100011  STORE     17        0      0      0     
125    0x00000050  0010011  I-ALU     17        0      0      0     
126    0x00000054  0010011  I-ALU     17        0      0      0     
127    0x00000058  0010011  I-ALU     17        0      0      0     
128    0x0000005c  0010011  I-ALU     17        0      0      0     
129    0x00000060  1100011  BRANCH    17        0      0      0     
130    0x00000064  0001011  CUSTOM    17        0      0      0     
131    0x00000040  0000011  LOAD      16        0      0      0     
-------------------------------------------------------------

=============================================================
 INSTRUCTION CLASS SUMMARY
CLASS         COUNT   TOT-T-ST   AVG-T-ST  TOT-STALL
-------------------------------------------------------------
I-ALU            44        492         11        272
LOAD             11        152         13         97
STORE            17        160          9         75
BRANCH           11        128         11         73
LUI               9         70          7         25
FP-OP             5         72         14         47
CUSTOM            5         75         15         50
-------------------------------------------------------------
TOTAL           102          -          -        639
=============================================================

[TRACER] CPI stall overhead: haz=6  alu=0  cache=0
Testbenchs/tb_cycle_tracer.v:351: $finish called at 1345000 (1ps)
132    0x00000044  0000011  LOAD      16        0      0      0     
