WARNING: Testbenchs/tb_cycle_tracer.v:58: $readmemh(Programs/matmul.hex): Not enough words in the file for the requested range [0:4095].
[TRACER] Program loaded: Programs/matmul.hex
=============================================================
 RISC-V T-STATE CYCLE TRACER
=============================================================
CYC    PC         OP[6:0]   TYPE     T-STATES HAZ    ALU    CACHE 
-------------------------------------------------------------
4      0x00000000  0110111  LUI       5         0      0      0     
5      0x00000004  0010011  I-ALU     5         0      0      0     
6      0x00000008  0010011  I-ALU     5         0      0      0     
7      0x0000000c  0110111  LUI       5         0      0      0     
8      0x00000010  0010011  I-ALU     5         0      0      0     
9      0x00000014  0100011  STORE     5         0      0      0     
10     0x00000018  0010011  I-ALU     5         0      0      0     
11     0x0000001c  0010011  I-ALU     5         0      0      0     
12     0x00000020  1100011  BRANCH    5         0      0      0     
15     0x00000024  0010011  I-ALU     7         0      0      0     
16     0x00000014  0100011  STORE     6         0      0      0     
17     0x00000018  0010011  I-ALU     6         0      0      0     
18     0x0000001c  0010011  I-ALU     6         0      0      0     
21     0x00000020  1100011  BRANCH    8         0      0      0     
22     0x00000024  0010011  I-ALU     8         0      0      0     
23     0x00000014  0100011  STORE     7         0      0      0     
24     0x00000018  0010011  I-ALU     7         0      0      0     
27     0x0000001c  0010011  I-ALU     9         0      0      0     
28     0x00000020  1100011  BRANCH    9         0      0      0     
29     0x00000024  0010011  I-ALU     9         0      0      0     
30     0x00000014  0100011  STORE     8         0      0      0     
33     0x00000018  0010011  I-ALU     10        0      0      0     
34     0x0000001c  0010011  I-ALU     10        0      0      0     
35     0x00000020  1100011  BRANCH    10        0      0      0     
36     0x00000024  0010011  I-ALU     10        0      0      0     
39     0x00000014  0100011  STORE     11        0      0      0     
40     0x00000018  0010011  I-ALU     11        0      0      0     
41     0x0000001c  0010011  I-ALU     11        0      0      0     
42     0x00000020  1100011  BRANCH    11        0      0      0     
45     0x00000024  0010011  I-ALU     13        0      0      0     
46     0x00000014  0100011  STORE     12        0      0      0     
47     0x00000018  0010011  I-ALU     12        0      0      0     
48     0x0000001c  0010011  I-ALU     12        0      0      0     
51     0x00000020  1100011  BRANCH    14        0      0      0     
52     0x00000024  0010011  I-ALU     14        0      0      0     
53     0x00000014  0100011  STORE     13        0      0      0     
54     0x00000018  0010011  I-ALU     13        0      0      0     
55     0x0000001c  0010011  I-ALU     13        0      0      0     
56     0x00000020  1100011  BRANCH    13        0      0      0     
57     0x00000024  0010011  I-ALU     13        0      0      0     
58     0x00000014  0100011  STORE     12        0      0      0     
59     0x00000018  0010011  I-ALU     12        0      0      0     
62     0x0000001c  0010011  I-ALU     14        0      0      0     
63     0x00000020  1100011  BRANCH    14        0      0      0     
64     0x00000024  0010011  I-ALU     14        0      0      0     
65     0x00000028  0100011  STORE     14        0      0      0     
68     0x0000002c  0010011  I-ALU     16        0      0      0     
69     0x00000030  0010011  I-ALU     16        0      0      0     
70     0x00000034  1100011  BRANCH    16        0      0      0     
71     0x00000038  0110111  LUI       16        0      0      0     
74     0x00000028  0100011  STORE     17        0      0      0     
75     0x0000002c  0010011  I-ALU     17        0      0      0     
76     0x00000030  0010011  I-ALU     17        0      0      0     
77     0x00000034  1100011  BRANCH    17        0      0      0     
80     0x00000038  0110111  LUI       19        0      0      0     
81     0x00000028  0100011  STORE     18        0      0      0     
82     0x0000002c  0010011  I-ALU     18        0      0      0     
83     0x00000030  0010011  I-ALU     18        0      0      0     
86     0x00000034  1100011  BRANCH    20        0      0      0     
87     0x00000038  0110111  LUI       20        0      0      0     
88     0x00000028  0100011  STORE     19        0      0      0     
89     0x0000002c  0010011  I-ALU     19        0      0      0     
92     0x00000030  0010011  I-ALU     21        0      0      0     
93     0x00000034  1100011  BRANCH    21        0      0      0     
94     0x00000038  0110111  LUI       21        0      0      0     
95     0x00000028  0100011  STORE     20        0      0      0     
98     0x00000030  0010011  I-ALU     3         0      0      0     
99     0x00000034  1100011  BRANCH    3         0      0      0     
100    0x00000038  0110111  LUI       3         0      0      0     
101    0x00000038  0110111  LUI       22        0      0      0     
104    0x0000002c  0010011  I-ALU     4         0      0      0     
105    0x00000030  0010011  I-ALU     4         0      0      0     
106    0x00000034  1100011  BRANCH    4         0      0      0     
107    0x00000038  0110111  LUI       4         0      0      0     
110    0x00000028  0100011  STORE     5         0      0      0     
111    0x0000002c  0010011  I-ALU     5         0      0      0     
112    0x00000030  0010011  I-ALU     5         0      0      0     
113    0x00000034  1100011  BRANCH    5         0      0      0     
116    0x00000038  0110111  LUI       7         0      0      0     
117    0x00000028  0100011  STORE     6         0      0      0     
118    0x0000002c  0010011  I-ALU     6         0      0      0     
119    0x00000030  0010011  I-ALU     6         0      0      0     
122    0x00000034  1100011  BRANCH    8         0      0      0     
123    0x00000038  0110111  LUI       8         0      0      0     
124    0x00000028  0100011  STORE     7         0      0      0     
125    0x0000002c  0010011  I-ALU     7         0      0      0     
126    0x00000030  0010011  I-ALU     7         0      0      0     
127    0x00000034  1100011  BRANCH    7         0      0      0     
128    0x00000038  0110111  LUI       7         0      0      0     
129    0x0000003c  0010011  I-ALU     7         0      0      0     
130    0x00000040  0010011  I-ALU     7         0      0      0     
131    0x00000044  0010011  I-ALU     7         0      0      0     
132    0x00000048  0010011  I-ALU     7         0      0      0     
133    0x0000004c  0010011  I-ALU     7         0      0      0     
134    0x00000050  0010011  I-ALU     7         0      0      0     
135    0x00000054  0010011  I-ALU     7         0      0      0     
136    0x00000058  0110011  R-TYPE    7         0      0      0     
137    0x0000005c  0010011  I-ALU     7         0      0      0     
138    0x00000060  0110011  R-TYPE    7         0      0      0     
139    0x00000064  0000011  LOAD      7         0      0      0     
140    0x00000068  0010011  I-ALU     7         0      0      0     
141    0x0000006c  0010011  I-ALU     7         0      0      0     
142    0x00000070  0110011  R-TYPE    7         0      0      0     
143    0x00000074  0110011  R-TYPE    7         1      0      0     
144    0x00000078  0010011  I-ALU     7         0      0      0     
146    0x0000007c  0110011  R-TYPE    8         0      0      0     
147    0x00000080  0000011  LOAD      8         0      0      0     
148    0x00000084  1010011  FP-OP     8         0      0      0     
149    0x00000088  1010011  FP-OP     7         0      0      0     
150    0x0000008c  0010011  I-ALU     7         0      0      0     
153    0x00000090  0010011  I-ALU     9         0      0      0     
154    0x00000094  1100011  BRANCH    9         0      0      0     
155    0x00000098  0010011  I-ALU     9         0      0      0     
156    0x00000054  0010011  I-ALU     8         0      0      0     
157    0x00000058  0110011  R-TYPE    8         0      0      0     
158    0x0000005c  0010011  I-ALU     8         0      0      0     
159    0x00000060  0110011  R-TYPE    8         0      0      0     
160    0x00000064  0000011  LOAD      8         0      0      0     
161    0x00000068  0010011  I-ALU     8         0      0      0     
162    0x0000006c  0010011  I-ALU     8         0      0      0     
163    0x00000070  0110011  R-TYPE    8         1      0      0     
164    0x00000074  0110011  R-TYPE    8         0      0      0     
166    0x00000078  0010011  I-ALU     9         0      0      0     
167    0x0000007c  0110011  R-TYPE    9         0      0      0     
168    0x00000080  0000011  LOAD      9         0      0      0     
169    0x00000084  1010011  FP-OP     9         0      0      0     
170    0x00000088  1010011  FP-OP     8         0      0      0     
171    0x0000008c  0010011  I-ALU     8         0      0      0     
172    0x00000090  0010011  I-ALU     8         0      0      0     
173    0x00000094  1100011  BRANCH    8         0      0      0     
174    0x00000098  0010011  I-ALU     8         0      0      0     
175    0x0000009c  0010011  I-ALU     8         0      0      0     
176    0x000000a0  0110011  R-TYPE    8         0      0      0     
177    0x000000a4  0110011  R-TYPE    8         0      0      0     
178    0x000000a8  0010011  I-ALU     8         0      0      0     
179    0x000000ac  0110011  R-TYPE    8         0      0      0     
180    0x000000b0  0100011  STORE     8         0      0      0     
183    0x000000b4  0010011  I-ALU     10        0      0      0     
184    0x000000b8  0010011  I-ALU     10        0      0      0     
185    0x000000bc  1100011  BRANCH    10        0      0      0     
186    0x000000c0  0010011  I-ALU     10        0      0      0     
187    0x0000004c  0010011  I-ALU     9         0      0      0     
188    0x00000050  0010011  I-ALU     9         0      0      0     
189    0x00000054  0010011  I-ALU     9         0      0      0     
190    0x00000058  0110011  R-TYPE    9         0      0      0     
191    0x0000005c  0010011  I-ALU     9         0      0      0     
192    0x00000060  0110011  R-TYPE    9         0      0      0     
193    0x00000064  0000011  LOAD      9         0      0      0     
194    0x00000068  0010011  I-ALU     9         0      0      0     
195    0x0000006c  0010011  I-ALU     9         1      0      0     
196    0x00000070  0110011  R-TYPE    9         0      0      0     
198    0x00000074  0110011  R-TYPE    10        0      0      0     
199    0x00000078  0010011  I-ALU     10        0      0      0     
200    0x0000007c  0110011  R-TYPE    10        0      0      0     
201    0x00000080  0000011  LOAD      10        0      0      0     
202    0x00000084  1010011  FP-OP     10        0      0      0     
205    0x00000088  1010011  FP-OP     11        0      0      0     
206    0x0000008c  0010011  I-ALU     11        0      0      0     
207    0x00000090  0010011  I-ALU     11        0      0      0     
208    0x00000094  1100011  BRANCH    11        0      0      0     
209    0x00000098  0010011  I-ALU     11        0      0      0     
210    0x00000054  0010011  I-ALU     10        0      0      0     
211    0x00000058  0110011  R-TYPE    10        0      0      0     
212    0x0000005c  0010011  I-ALU     10        0      0      0     
213    0x00000060  0110011  R-TYPE    10        0      0      0     
214    0x00000064  0000011  LOAD      10        0      0      0     
215    0x00000068  0010011  I-ALU     10        1      0      0     
216    0x0000006c  0010011  I-ALU     10        0      0      0     
218    0x00000070  0110011  R-TYPE    11        0      0      0     
219    0x00000074  0110011  R-TYPE    11        0      0      0     
220    0x00000078  0010011  I-ALU     11        0      0      0     
221    0x0000007c  0110011  R-TYPE    11        0      0      0     
222    0x00000080  0000011  LOAD      11        0      0      0     
223    0x00000084  1010011  FP-OP     11        0      0      0     
224    0x00000088  1010011  FP-OP     10        0      0      0     
225    0x0000008c  0010011  I-ALU     10        0      0      0     
226    0x00000090  0010011  I-ALU     10        0      0      0     
227    0x00000094  1100011  BRANCH    10        0      0      0     
228    0x00000098  0010011  I-ALU     10        0      0      0     
229    0x0000009c  0010011  I-ALU     10        0      0      0     
230    0x000000a0  0110011  R-TYPE    10        0      0      0     
231    0x000000a4  0110011  R-TYPE    10        0      0      0     
232    0x000000a8  0010011  I-ALU     10        0      0      0     
235    0x000000ac  0110011  R-TYPE    12        0      0      0     
236    0x000000b0  0100011  STORE     12        0      0      0     
237    0x000000b4  0010011  I-ALU     12        0      0      0     
238    0x000000b8  0010011  I-ALU     12        0      0      0     
239    0x000000bc  1100011  BRANCH    12        0      0      0     
240    0x000000c0  0010011  I-ALU     12        0      0      0     
241    0x0000004c  0010011  I-ALU     11        0      0      0     
242    0x00000050  0010011  I-ALU     11        0      0      0     
243    0x00000054  0010011  I-ALU     11        0      0      0     
244    0x00000058  0110011  R-TYPE    11        0      0      0     
245    0x0000005c  0010011  I-ALU     11        0      0      0     
246    0x00000060  0110011  R-TYPE    11        0      0      0     
247    0x00000064  0000011  LOAD      11        1      0      0     
248    0x00000068  0010011  I-ALU     11        0      0      0     
250    0x0000006c  0010011  I-ALU     12        0      0      0     
251    0x00000070  0110011  R-TYPE    12        0      0      0     
252    0x00000074  0110011  R-TYPE    12        0      0      0     
253    0x00000078  0010011  I-ALU     12        0      0      0     
254    0x0000007c  0110011  R-TYPE    12        0      0      0     
257    0x00000080  0000011  LOAD      14        0      0      0     
258    0x00000084  1010011  FP-OP     14        0      0      0     
259    0x00000088  1010011  FP-OP     13        0      0      0     
260    0x0000008c  0010011  I-ALU     13        0      0      0     
261    0x00000090  0010011  I-ALU     13        0      0      0     
262    0x00000094  1100011  BRANCH    13        0      0      0     
263    0x00000098  0010011  I-ALU     13        0      0      0     
264    0x00000054  0010011  I-ALU     12        0      0      0     
265    0x00000058  0110011  R-TYPE    12        0      0      0     
266    0x0000005c  0010011  I-ALU     12        0      0      0     
267    0x00000060  0110011  R-TYPE    12        1      0      0     
268    0x00000064  0000011  LOAD      12        0      0      0     
270    0x00000068  0010011  I-ALU     13        0      0      0     
271    0x0000006c  0010011  I-ALU     13        0      0      0     
272    0x00000070  0110011  R-TYPE    13        0      0      0     
273    0x00000074  0110011  R-TYPE    13        0      0      0     
274    0x00000078  0010011  I-ALU     13        0      0      0     
275    0x0000007c  0110011  R-TYPE    13        0      0      0     
276    0x00000080  0000011  LOAD      13        0      0      0     
277    0x00000084  1010011  FP-OP     13        0      0      0     
278    0x00000088  1010011  FP-OP     12        0      0      0     
279    0x0000008c  0010011  I-ALU     12        0      0      0     
280    0x00000090  0010011  I-ALU     12        0      0      0     
281    0x00000094  1100011  BRANCH    12        0      0      0     
282    0x00000098  0010011  I-ALU     12        0      0      0     
283    0x0000009c  0010011  I-ALU     12        0      0      0     
284    0x000000a0  0110011  R-TYPE    12        0      0      0     
287    0x000000a4  0110011  R-TYPE    14        0      0      0     
288    0x000000a8  0010011  I-ALU     14        0      0      0     
289    0x000000ac  0110011  R-TYPE    14        0      0      0     
290    0x000000b0  0100011  STORE     14        0      0      0     
291    0x000000b4  0010011  I-ALU     14        0      0      0     
292    0x000000b8  0010011  I-ALU     14        0      0      0     
293    0x000000bc  1100011  BRANCH    14        0      0      0     
294    0x000000c0  0010011  I-ALU     14        0      0      0     
295    0x0000004c  0010011  I-ALU     13        0      0      0     
296    0x00000050  0010011  I-ALU     13        0      0      0     
297    0x00000054  0010011  I-ALU     13        0      0      0     
298    0x00000058  0110011  R-TYPE    13        0      0      0     
299    0x0000005c  0010011  I-ALU     13        1      0      0     
300    0x00000060  0110011  R-TYPE    13        0      0      0     
302    0x00000064  0000011  LOAD      14        0      0      0     
303    0x00000068  0010011  I-ALU     14        0      0      0     
304    0x0000006c  0010011  I-ALU     14        0      0      0     
305    0x00000070  0110011  R-TYPE    14        0      0      0     
306    0x00000074  0110011  R-TYPE    14        0      0      0     
309    0x00000078  0010011  I-ALU     16        0      0      0     
310    0x0000007c  0110011  R-TYPE    16        0      0      0     
311    0x00000080  0000011  LOAD      16        0      0      0     
312    0x00000084  1010011  FP-OP     16        0      0      0     
313    0x00000088  1010011  FP-OP     15        0      0      0     
314    0x0000008c  0010011  I-ALU     15        0      0      0     
315    0x00000090  0010011  I-ALU     15        0      0      0     
316    0x00000094  1100011  BRANCH    15        0      0      0     
317    0x00000098  0010011  I-ALU     15        0      0      0     
318    0x00000054  0010011  I-ALU     14        0      0      0     
319    0x00000058  0110011  R-TYPE    14        1      0      0     
320    0x0000005c  0010011  I-ALU     14        0      0      0     
322    0x00000060  0110011  R-TYPE    15        0      0      0     
323    0x00000064  0000011  LOAD      15        0      0      0     
324    0x00000068  0010011  I-ALU     15        0      0      0     
325    0x0000006c  0010011  I-ALU     15        0      0      0     
326    0x00000070  0110011  R-TYPE    15        0      0      0     
327    0x00000074  0110011  R-TYPE    15        0      0      0     
328    0x00000078  0010011  I-ALU     15        0      0      0     
329    0x0000007c  0110011  R-TYPE    15        0      0      0     
330    0x00000080  0000011  LOAD      15        0      0      0     
331    0x00000084  1010011  FP-OP     15        0      0      0     
332    0x00000088  1010011  FP-OP     14        0      0      0     
333    0x0000008c  0010011  I-ALU     14        0      0      0     
334    0x00000090  0010011  I-ALU     14        0      0      0     
335    0x00000094  1100011  BRANCH    14        0      0      0     
336    0x00000098  0010011  I-ALU     14        0      0      0     
339    0x0000009c  0010011  I-ALU     16        0      0      0     
340    0x000000a0  0110011  R-TYPE    16        0      0      0     
341    0x000000a4  0110011  R-TYPE    16        0      0      0     
342    0x000000a8  0010011  I-ALU     16        0      0      0     
343    0x000000ac  0110011  R-TYPE    16        0      0      0     
344    0x000000b0  0100011  STORE     16        0      0      0     
345    0x000000b4  0010011  I-ALU     16        0      0      0     
346    0x000000b8  0010011  I-ALU     16        0      0      0     
347    0x000000bc  1100011  BRANCH    16        0      0      0     
348    0x000000c0  0010011  I-ALU     16        0      0      0     
349    0x0000004c  0010011  I-ALU     15        0      0      0     
350    0x00000050  0010011  I-ALU     15        0      0      0     
351    0x00000054  0010011  I-ALU     15        1      0      0     
352    0x00000058  0110011  R-TYPE    15        0      0      0     
354    0x0000005c  0010011  I-ALU     16        0      0      0     
355    0x00000060  0110011  R-TYPE    16        0      0      0     
356    0x00000064  0000011  LOAD      16        0      0      0     
357    0x00000068  0010011  I-ALU     16        0      0      0     
358    0x0000006c  0010011  I-ALU     16        0      0      0     
361    0x00000070  0110011  R-TYPE    18        0      0      0     
362    0x00000074  0110011  R-TYPE    18        0      0      0     
363    0x00000078  0010011  I-ALU     18        0      0      0     
364    0x0000007c  0110011  R-TYPE    18        0      0      0     
365    0x00000080  0000011  LOAD      18        0      0      0     
366    0x00000084  1010011  FP-OP     18        0      0      0     
367    0x00000088  1010011  FP-OP     17        0      0      0     
368    0x0000008c  0010011  I-ALU     17        0      0      0     
369    0x00000090  0010011  I-ALU     17        0      0      0     
370    0x00000094  1100011  BRANCH    17        0      0      0     
371    0x00000098  0010011  I-ALU     17        1      0      0     
372    0x00000054  0010011  I-ALU     16        0      0      0     
374    0x00000058  0110011  R-TYPE    17        0      0      0     
375    0x0000005c  0010011  I-ALU     17        0      0      0     
376    0x00000060  0110011  R-TYPE    17        0      0      0     
377    0x00000064  0000011  LOAD      17        0      0      0     
378    0x00000068  0010011  I-ALU     17        0      0      0     
379    0x0000006c  0010011  I-ALU     17        0      0      0     
380    0x00000070  0110011  R-TYPE    17        0      0      0     
381    0x00000074  0110011  R-TYPE    17        0      0      0     
382    0x00000078  0010011  I-ALU     17        0      0      0     
383    0x0000007c  0110011  R-TYPE    17        0      0      0     
384    0x00000080  0000011  LOAD      17        0      0      0     
385    0x00000084  1010011  FP-OP     17        0      0      0     
386    0x00000088  1010011  FP-OP     16        0      0      0     
387    0x0000008c  0010011  I-ALU     16        0      0      0     
388    0x00000090  0010011  I-ALU     16        0      0      0     
391    0x00000094  1100011  BRANCH    18        0      0      0     
392    0x00000098  0010011  I-ALU     18        0      0      0     
393    0x0000009c  0010011  I-ALU     18        0      0      0     
394    0x000000a0  0110011  R-TYPE    18        0      0      0     
395    0x000000a4  0110011  R-TYPE    18        0      0      0     
396    0x000000a8  0010011  I-ALU     18        0      0      0     
397    0x000000ac  0110011  R-TYPE    18        0      0      0     
398    0x000000b0  0100011  STORE     18        0      0      0     
399    0x000000b4  0010011  I-ALU     18        0      0      0     
400    0x000000b8  0010011  I-ALU     18        0      0      0     
401    0x000000bc  1100011  BRANCH    18        0      0      0     
402    0x000000c0  0010011  I-ALU     18        0      0      0     
403    0x0000004c  0010011  I-ALU     17        1      0      0     
404    0x00000050  0010011  I-ALU     17        0      0      0     
406    0x00000054  0010011  I-ALU     18        0      0      0     
407    0x00000058  0110011  R-TYPE    18        0      0      0     
408    0x0000005c  0010011  I-ALU     18        0      0      0     
409    0x00000060  0110011  R-TYPE    18        0      0      0     
410    0x00000064  0000011  LOAD      18        0      0      0     
413    0x00000068  0010011  I-ALU     20        0      0      0     
414    0x0000006c  0010011  I-ALU     20        0      0      0     
415    0x00000070  0110011  R-TYPE    20        0      0      0     
416    0x00000074  0110011  R-TYPE    20        0      0      0     
417    0x00000078  0010011  I-ALU     20        0      0      0     
418    0x0000007c  0110011  R-TYPE    20        0      0      0     
419    0x00000080  0000011  LOAD      20        0      0      0     
420    0x00000084  1010011  FP-OP     20        0      0      0     
421    0x00000088  1010011  FP-OP     19        0      0      0     
422    0x0000008c  0010011  I-ALU     19        0      0      0     
423    0x00000090  0010011  I-ALU     19        1      0      0     
424    0x00000094  1100011  BRANCH    19        0      0      0     
426    0x00000098  0010011  I-ALU     20        0      0      0     
427    0x00000054  0010011  I-ALU     19        0      0      0     
428    0x00000058  0110011  R-TYPE    19        0      0      0     
429    0x0000005c  0010011  I-ALU     19        0      0      0     
431    0x000000a0  0110011  R-TYPE    3         0      0      0     
432    0x000000a4  0110011  R-TYPE    3         0      0      0     
433    0x000000a8  0010011  I-ALU     3         0      0      0     
434    0x000000ac  0110011  R-TYPE    3         0      0      0     
435    0x000000b0  0100011  STORE     3         0      0      0     
436    0x000000b4  0010011  I-ALU     3         0      0      0     
437    0x000000b8  0010011  I-ALU     3         0      0      0     
438    0x000000bc  1100011  BRANCH    3         0      0      0     
439    0x000000c0  0010011  I-ALU     3         0      0      0     
440    0x000000c4  0010011  I-ALU     3         0      0      0     
441    0x000000c8  1100011  BRANCH    3         0      0      0     
442    0x000000cc  0001011  CUSTOM    3         0      0      0     
443    0x00000090  0010011  I-ALU     19        0      0      0     
446    0x0000004c  0010011  I-ALU     4         0      0      0     
447    0x00000050  0010011  I-ALU     4         0      0      0     
448    0x00000054  0010011  I-ALU     4         0      0      0     
449    0x00000058  0110011  R-TYPE    4         0      0      0     
450    0x0000005c  0010011  I-ALU     4         0      0      0     
451    0x00000060  0110011  R-TYPE    4         0      0      0     
452    0x00000064  0000011  LOAD      4         0      0      0     
453    0x00000068  0010011  I-ALU     4         0      0      0     
454    0x0000006c  0010011  I-ALU     4         0      0      0     
455    0x00000070  0110011  R-TYPE    4         0      0      0     
456    0x00000074  0110011  R-TYPE    4         0      0      0     
457    0x00000078  0010011  I-ALU     4         0      0      0     
458    0x0000007c  0110011  R-TYPE    4         0      0      0     
459    0x00000080  0000011  LOAD      4         1      0      0     
460    0x00000084  1010011  FP-OP     4         0      0      0     
462    0x00000088  1010011  FP-OP     4         0      0      0     
463    0x0000008c  0010011  I-ALU     4         0      0      0     
464    0x00000090  0010011  I-ALU     4         0      0      0     
465    0x00000094  1100011  BRANCH    4         0      0      0     
466    0x00000098  0010011  I-ALU     4         0      0      0     
469    0x00000054  0010011  I-ALU     5         0      0      0     
470    0x00000058  0110011  R-TYPE    5         0      0      0     
471    0x0000005c  0010011  I-ALU     5         0      0      0     
472    0x00000060  0110011  R-TYPE    5         0      0      0     
473    0x00000064  0000011  LOAD      5         0      0      0     
474    0x00000068  0010011  I-ALU     5         0      0      0     
475    0x0000006c  0010011  I-ALU     5         0      0      0     
476    0x00000070  0110011  R-TYPE    5         0      0      0     
477    0x00000074  0110011  R-TYPE    5         0      0      0     
478    0x00000078  0010011  I-ALU     5         0      0      0     
479    0x0000007c  0110011  R-TYPE    5         1      0      0     
480    0x00000080  0000011  LOAD      5         0      0      0     
482    0x00000084  1010011  FP-OP     6         0      0      0     
483    0x00000088  1010011  FP-OP     5         0      0      0     
484    0x0000008c  0010011  I-ALU     5         0      0      0     
485    0x00000090  0010011  I-ALU     5         0      0      0     
486    0x00000094  1100011  BRANCH    5         0      0      0     
487    0x00000098  0010011  I-ALU     5         0      0      0     
488    0x0000009c  0010011  I-ALU     5         0      0      0     
489    0x000000a0  0110011  R-TYPE    5         0      0      0     
490    0x000000a4  0110011  R-TYPE    5         0      0      0     
491    0x000000a8  0010011  I-ALU     5         0      0      0     
492    0x000000ac  0110011  R-TYPE    5         0      0      0     
493    0x000000b0  0100011  STORE     5         0      0      0     
494    0x000000b4  0010011  I-ALU     5         0      0      0     
495    0x000000b8  0010011  I-ALU     5         0      0      0     
496    0x000000bc  1100011  BRANCH    5         0      0      0     
499    0x000000c0  0010011  I-ALU     7         0      0      0     
500    0x0000004c  0010011  I-ALU     6         0      0      0     
501    0x00000050  0010011  I-ALU     6         0      0      0     
502    0x00000054  0010011  I-ALU     6         0      0      0     
503    0x00000058  0110011  R-TYPE    6         0      0      0     
504    0x0000005c  0010011  I-ALU     6         0      0      0     
505    0x00000060  0110011  R-TYPE    6         0      0      0     
506    0x00000064  0000011  LOAD      6         0      0      0     
507    0x00000068  0010011  I-ALU     6         0      0      0     
508    0x0000006c  0010011  I-ALU     6         0      0      0     
509    0x00000070  0110011  R-TYPE    6         0      0      0     
510    0x00000074  0110011  R-TYPE    6         0      0      0     
511    0x00000078  0010011  I-ALU     6         1      0      0     
512    0x0000007c  0110011  R-TYPE    6         0      0      0     
514    0x00000080  0000011  LOAD      7         0      0      0     
515    0x00000084  1010011  FP-OP     7         0      0      0     
516    0x00000088  1010011  FP-OP     6         0      0      0     
517    0x0000008c  0010011  I-ALU     6         0      0      0     
518    0x00000090  0010011  I-ALU     6         0      0      0     
521    0x00000094  1100011  BRANCH    8         0      0      0     
522    0x00000098  0010011  I-ALU     8         0      0      0     
523    0x00000054  0010011  I-ALU     7         0      0      0     
524    0x00000058  0110011  R-TYPE    7         0      0      0     
525    0x0000005c  0010011  I-ALU     7         0      0      0     
526    0x00000060  0110011  R-TYPE    7         0      0      0     
527    0x00000064  0000011  LOAD      7         0      0      0     
528    0x00000068  0010011  I-ALU     7         0      0      0     
529    0x0000006c  0010011  I-ALU     7         0      0      0     
530    0x00000070  0110011  R-TYPE    7         0      0      0     
531    0x00000074  0110011  R-TYPE    7         1      0      0     
532    0x00000078  0010011  I-ALU     7         0      0      0     
534    0x0000007c  0110011  R-TYPE    8         0      0      0     
535    0x00000080  0000011  LOAD      8         0      0      0     
536    0x00000084  1010011  FP-OP     8         0      0      0     
537    0x00000088  1010011  FP-OP     7         0      0      0     
538    0x0000008c  0010011  I-ALU     7         0      0      0     
539    0x00000090  0010011  I-ALU     7         0      0      0     
540    0x00000094  1100011  BRANCH    7         0      0      0     
541    0x00000098  0010011  I-ALU     7         0      0      0     
542    0x0000009c  0010011  I-ALU     7         0      0      0     
543    0x000000a0  0110011  R-TYPE    7         0      0      0     
544    0x000000a4  0110011  R-TYPE    7         0      0      0     
545    0x000000a8  0010011  I-ALU     7         0      0      0     
546    0x000000ac  0110011  R-TYPE    7         0      0      0     
547    0x000000b0  0100011  STORE     7         0      0      0     
548    0x000000b4  0010011  I-ALU     7         0      0      0     
551    0x000000b8  0010011  I-ALU     9         0      0      0     
552    0x000000bc  1100011  BRANCH    9         0      0      0     
553    0x000000c0  0010011  I-ALU     9         0      0      0     
554    0x0000004c  0010011  I-ALU     8         0      0      0     
555    0x00000050  0010011  I-ALU     8         0      0      0     
556    0x00000054  0010011  I-ALU     8         0      0      0     
557    0x00000058  0110011  R-TYPE    8         0      0      0     
558    0x0000005c  0010011  I-ALU     8         0      0      0     
559    0x00000060  0110011  R-TYPE    8         0      0      0     
560    0x00000064  0000011  LOAD      8         0      0      0     
561    0x00000068  0010011  I-ALU     8         0      0      0     
562    0x0000006c  0010011  I-ALU     8         0      0      0     
563    0x00000070  0110011  R-TYPE    8         1      0      0     
564    0x00000074  0110011  R-TYPE    8         0      0      0     
566    0x00000078  0010011  I-ALU     9         0      0      0     
567    0x0000007c  0110011  R-TYPE    9         0      0      0     
568    0x00000080  0000011  LOAD      9         0      0      0     
569    0x00000084  1010011  FP-OP     9         0      0      0     
570    0x00000088  1010011  FP-OP     8         0      0      0     
573    0x0000008c  0010011  I-ALU     10        0      0      0     
574    0x00000090  0010011  I-ALU     10        0      0      0     
575    0x00000094  1100011  BRANCH    10        0      0      0     
576    0x00000098  0010011  I-ALU     10        0      0      0     
577    0x00000054  0010011  I-ALU     9         0      0      0     
578    0x00000058  0110011  R-TYPE    9         0      0      0     
579    0x0000005c  0010011  I-ALU     9         0      0      0     
580    0x00000060  0110011  R-TYPE    9         0      0      0     
581    0x00000064  0000011  LOAD      9         0      0      0     
582    0x00000068  0010011  I-ALU     9         0      0      0     
583    0x0000006c  0010011  I-ALU     9         1      0      0     
584    0x00000070  0110011  R-TYPE    9         0      0      0     
586    0x00000074  0110011  R-TYPE    10        0      0      0     
587    0x00000078  0010011  I-ALU     10        0      0      0     
588    0x0000007c  0110011  R-TYPE    10        0      0      0     
589    0x00000080  0000011  LOAD      10        0      0      0     
590    0x00000084  1010011  FP-OP     10        0      0      0     
591    0x00000088  1010011  FP-OP     9         0      0      0     
592    0x0000008c  0010011  I-ALU     9         0      0      0     
593    0x00000090  0010011  I-ALU     9         0      0      0     
594    0x00000094  1100011  BRANCH    9         0      0      0     
595    0x00000098  0010011  I-ALU     9         0      0      0     
596    0x0000009c  0010011  I-ALU     9         0      0      0     
597    0x000000a0  0110011  R-TYPE    9         0      0      0     
598    0x000000a4  0110011  R-TYPE    9         0      0      0     
599    0x000000a8  0010011  I-ALU     9         0      0      0     
600    0x000000ac  0110011  R-TYPE    9         0      0      0     
603    0x000000b0  0100011  STORE     11        0      0      0     
604    0x000000b4  0010011  I-ALU     11        0      0      0     
605    0x000000b8  0010011  I-ALU     11        0      0      0     
606    0x000000bc  1100011  BRANCH    11        0      0      0     
607    0x000000c0  0010011  I-ALU     11        0      0      0     
608    0x0000004c  0010011  I-ALU     10        0      0      0     
609    0x00000050  0010011  I-ALU     10        0      0      0     
610    0x00000054  0010011  I-ALU     10        0      0      0     
611    0x00000058  0110011  R-TYPE    10        0      0      0     
612    0x0000005c  0010011  I-ALU     10        0      0      0     
613    0x00000060  0110011  R-TYPE    10        0      0      0     
614    0x00000064  0000011  LOAD      10        0      0      0     
615    0x00000068  0010011  I-ALU     10        1      0      0     
616    0x0000006c  0010011  I-ALU     10        0      0      0     
618    0x00000070  0110011  R-TYPE    11        0      0      0     
619    0x00000074  0110011  R-TYPE    11        0      0      0     
620    0x00000078  0010011  I-ALU     11        0      0      0     
621    0x0000007c  0110011  R-TYPE    11        0      0      0     
622    0x00000080  0000011  LOAD      11        0      0      0     
625    0x00000084  1010011  FP-OP     13        0      0      0     
626    0x00000088  1010011  FP-OP     12        0      0      0     
627    0x0000008c  0010011  I-ALU     12        0      0      0     
628    0x00000090  0010011  I-ALU     12        0      0      0     
629    0x00000094  1100011  BRANCH    12        0      0      0     
630    0x00000098  0010011  I-ALU     12        0      0      0     
631    0x00000054  0010011  I-ALU     11        0      0      0     
632    0x00000058  0110011  R-TYPE    11        0      0      0     
633    0x0000005c  0010011  I-ALU     11        0      0      0     
634    0x00000060  0110011  R-TYPE    11        0      0      0     
635    0x00000064  0000011  LOAD      11        1      0      0     
636    0x00000068  0010011  I-ALU     11        0      0      0     
638    0x0000006c  0010011  I-ALU     12        0      0      0     
639    0x00000070  0110011  R-TYPE    12        0      0      0     
640    0x00000074  0110011  R-TYPE    12        0      0      0     
641    0x00000078  0010011  I-ALU     12        0      0      0     
642    0x0000007c  0110011  R-TYPE    12        0      0      0     
643    0x00000080  0000011  LOAD      12        0      0      0     
644    0x00000084  1010011  FP-OP     12        0      0      0     
645    0x00000088  1010011  FP-OP     11        0      0      0     
646    0x0000008c  0010011  I-ALU     11        0      0      0     
647    0x00000090  0010011  I-ALU     11        0      0      0     
648    0x00000094  1100011  BRANCH    11        0      0      0     
649    0x00000098  0010011  I-ALU     11        0      0      0     
650    0x0000009c  0010011  I-ALU     11        0      0      0     
651    0x000000a0  0110011  R-TYPE    11        0      0      0     
652    0x000000a4  0110011  R-TYPE    11        0      0      0     
655    0x000000a8  0010011  I-ALU     13        0      0      0     
656    0x000000ac  0110011  R-TYPE    13        0      0      0     
657    0x000000b0  0100011  STORE     13        0      0      0     
658    0x000000b4  0010011  I-ALU     13        0      0      0     
659    0x000000b8  0010011  I-ALU     13        0      0      0     
660    0x000000bc  1100011  BRANCH    13        0      0      0     
661    0x000000c0  0010011  I-ALU     13        0      0      0     
662    0x0000004c  0010011  I-ALU     12        0      0      0     
663    0x00000050  0010011  I-ALU     12        0      0      0     
664    0x00000054  0010011  I-ALU     12        0      0      0     
665    0x00000058  0110011  R-TYPE    12        0      0      0     
666    0x0000005c  0010011  I-ALU     12        0      0      0     
667    0x00000060  0110011  R-TYPE    12        1      0      0     
668    0x00000064  0000011  LOAD      12        0      0      0     
670    0x00000068  0010011  I-ALU     13        0      0      0     
671    0x0000006c  0010011  I-ALU     13        0      0      0     
672    0x00000070  0110011  R-TYPE    13        0      0      0     
673    0x00000074  0110011  R-TYPE    13        0      0      0     
674    0x00000078  0010011  I-ALU     13        0      0      0     
677    0x0000007c  0110011  R-TYPE    15        0      0      0     
678    0x00000080  0000011  LOAD      15        0      0      0     
679    0x00000084  1010011  FP-OP     15        0      0      0     
680    0x00000088  1010011  FP-OP     14        0      0      0     
681    0x0000008c  0010011  I-ALU     14        0      0      0     
682    0x00000090  0010011  I-ALU     14        0      0      0     
683    0x00000094  1100011  BRANCH    14        0      0      0     
684    0x00000098  0010011  I-ALU     14        0      0      0     
685    0x00000054  0010011  I-ALU     13        0      0      0     
686    0x00000058  0110011  R-TYPE    13        0      0      0     
687    0x0000005c  0010011  I-ALU     13        1      0      0     
688    0x00000060  0110011  R-TYPE    13        0      0      0     
690    0x00000064  0000011  LOAD      14        0      0      0     
691    0x00000068  0010011  I-ALU     14        0      0      0     
692    0x0000006c  0010011  I-ALU     14        0      0      0     
693    0x00000070  0110011  R-TYPE    14        0      0      0     
694    0x00000074  0110011  R-TYPE    14        0      0      0     
695    0x00000078  0010011  I-ALU     14        0      0      0     
696    0x0000007c  0110011  R-TYPE    14        0      0      0     
697    0x00000080  0000011  LOAD      14        0      0      0     
698    0x00000084  1010011  FP-OP     14        0      0      0     
699    0x00000088  1010011  FP-OP     13        0      0      0     
700    0x0000008c  0010011  I-ALU     13        0      0      0     
701    0x00000090  0010011  I-ALU     13        0      0      0     
702    0x00000094  1100011  BRANCH    13        0      0      0     
703    0x00000098  0010011  I-ALU     13        0      0      0     
704    0x0000009c  0010011  I-ALU     13        0      0      0     
707    0x000000a0  0110011  R-TYPE    15        0      0      0     
708    0x000000a4  0110011  R-TYPE    15        0      0      0     
709    0x000000a8  0010011  I-ALU     15        0      0      0     
710    0x000000ac  0110011  R-TYPE    15        0      0      0     
711    0x000000b0  0100011  STORE     15        0      0      0     
712    0x000000b4  0010011  I-ALU     15        0      0      0     
713    0x000000b8  0010011  I-ALU     15        0      0      0     
714    0x000000bc  1100011  BRANCH    15        0      0      0     
715    0x000000c0  0010011  I-ALU     15        0      0      0     
716    0x0000004c  0010011  I-ALU     14        0      0      0     
717    0x00000050  0010011  I-ALU     14        0      0      0     
718    0x00000054  0010011  I-ALU     14        0      0      0     
719    0x00000058  0110011  R-TYPE    14        1      0      0     
720    0x0000005c  0010011  I-ALU     14        0      0      0     
722    0x00000060  0110011  R-TYPE    15        0      0      0     
723    0x00000064  0000011  LOAD      15        0      0      0     
724    0x00000068  0010011  I-ALU     15        0      0      0     
725    0x0000006c  0010011  I-ALU     15        0      0      0     
726    0x00000070  0110011  R-TYPE    15        0      0      0     
729    0x00000074  0110011  R-TYPE    17        0      0      0     
730    0x00000078  0010011  I-ALU     17        0      0      0     
731    0x0000007c  0110011  R-TYPE    17        0      0      0     
732    0x00000080  0000011  LOAD      17        0      0      0     
733    0x00000084  1010011  FP-OP     17        0      0      0     
734    0x00000088  1010011  FP-OP     16        0      0      0     
735    0x0000008c  0010011  I-ALU     16        0      0      0     
736    0x00000090  0010011  I-ALU     16        0      0      0     
737    0x00000094  1100011  BRANCH    16        0      0      0     
738    0x00000098  0010011  I-ALU     16        0      0      0     
739    0x00000054  0010011  I-ALU     15        1      0      0     
740    0x00000058  0110011  R-TYPE    15        0      0      0     
742    0x0000005c  0010011  I-ALU     16        0      0      0     
743    0x00000060  0110011  R-TYPE    16        0      0      0     
744    0x00000064  0000011  LOAD      16        0      0      0     
745    0x00000068  0010011  I-ALU     16        0      0      0     
746    0x0000006c  0010011  I-ALU     16        0      0      0     
747    0x00000070  0110011  R-TYPE    16        0      0      0     
748    0x00000074  0110011  R-TYPE    16        0      0      0     
749    0x00000078  0010011  I-ALU     16        0      0      0     
750    0x0000007c  0110011  R-TYPE    16        0      0      0     
751    0x00000080  0000011  LOAD      16        0      0      0     
752    0x00000084  1010011  FP-OP     16        0      0      0     
753    0x00000088  1010011  FP-OP     15        0      0      0     
754    0x0000008c  0010011  I-ALU     15        0      0      0     
755    0x00000090  0010011  I-ALU     15        0      0      0     
756    0x00000094  1100011  BRANCH    15        0      0      0     
757    0x00000098  0010011  I-ALU     15        0      0      0     
758    0x0000009c  0010011  I-ALU     15        0      0      0     
759    0x000000a0  0110011  R-TYPE    15        0      0      0     
762    0x000000a4  0110011  R-TYPE    17        0      0      0     
763    0x000000a8  0010011  I-ALU     17        0      0      0     
764    0x000000ac  0110011  R-TYPE    17        0      0      0     
765    0x000000b0  0100011  STORE     17        0      0      0     
766    0x000000b4  0010011  I-ALU     17        0      0      0     
767    0x000000b8  0010011  I-ALU     17        0      0      0     
768    0x000000bc  1100011  BRANCH    17        0      0      0     
769    0x000000c0  0010011  I-ALU     17        0      0      0     
770    0x000000c4  0010011  I-ALU     17        0      0      0     
771    0x000000c8  1100011  BRANCH    17        0      0      0     
772    0x000000cc  0001011  CUSTOM    17        0      0      0     
773    0x00000048  0010011  I-ALU     16        0      0      0     
774    0x0000004c  0010011  I-ALU     16        0      0      0     
775    0x00000050  0010011  I-ALU     16        1      0      0     
776    0x00000054  0010011  I-ALU     16        0      0      0     
778    0x00000058  0110011  R-TYPE    17        0      0      0     
779    0x0000005c  0010011  I-ALU     17        0      0      0     
780    0x00000060  0110011  R-TYPE    17        0      0      0     
781    0x00000064  0000011  LOAD      17        0      0      0     
782    0x00000068  0010011  I-ALU     17        0      0      0     
785    0x0000006c  0010011  I-ALU     19        0      0      0     
786    0x00000070  0110011  R-TYPE    19        0      0      0     
787    0x00000074  0110011  R-TYPE    19        0      0      0     
788    0x00000078  0010011  I-ALU     19        0      0      0     
789    0x0000007c  0110011  R-TYPE    19        0      0      0     
790    0x00000080  0000011  LOAD      19        0      0      0     
791    0x00000084  1010011  FP-OP     19        0      0      0     
792    0x00000088  1010011  FP-OP     18        0      0      0     
793    0x0000008c  0010011  I-ALU     18        0      0      0     
794    0x00000090  0010011  I-ALU     18        0      0      0     
795    0x00000094  1100011  BRANCH    18        1      0      0     
796    0x00000098  0010011  I-ALU     18        0      0      0     
798    0x00000054  0010011  I-ALU     18        0      0      0     
799    0x00000058  0110011  R-TYPE    18        0      0      0     
800    0x0000005c  0010011  I-ALU     18        0      0      0     
801    0x00000060  0110011  R-TYPE    18        0      0      0     
802    0x00000064  0000011  LOAD      18        0      0      0     
803    0x00000068  0010011  I-ALU     18        0      0      0     
804    0x0000006c  0010011  I-ALU     18        0      0      0     
805    0x00000070  0110011  R-TYPE    18        0      0      0     
806    0x00000074  0110011  R-TYPE    18        0      0      0     
807    0x00000078  0010011  I-ALU     18        0      0      0     
808    0x0000007c  0110011  R-TYPE    18        0      0      0     
809    0x00000080  0000011  LOAD      18        0      0      0     
810    0x00000084  1010011  FP-OP     18        0      0      0     
811    0x00000088  1010011  FP-OP     17        0      0      0     
812    0x0000008c  0010011  I-ALU     17        0      0      0     
815    0x00000090  0010011  I-ALU     19        0      0      0     
816    0x00000094  1100011  BRANCH    19        0      0      0     
817    0x00000098  0010011  I-ALU     19        0      0      0     
818    0x0000009c  0010011  I-ALU     19        0      0      0     
819    0x000000a0  0110011  R-TYPE    19        0      0      0     
820    0x000000a4  0110011  R-TYPE    19        0      0      0     
821    0x000000a8  0010011  I-ALU     19        0      0      0     
822    0x000000ac  0110011  R-TYPE    19        0      0      0     
823    0x000000b0  0100011  STORE     19        0      0      0     
824    0x000000b4  0010011  I-ALU     19        0      0      0     
825    0x000000b8  0010011  I-ALU     19        0      0      0     
826    0x000000bc  1100011  BRANCH    19        0      0      0     
827    0x000000c0  0010011  I-ALU     19        1      0      0     
828    0x0000004c  0010011  I-ALU     18        0      0      0     
830    0x00000050  0010011  I-ALU     19        0      0      0     
831    0x00000054  0010011  I-ALU     19        0      0      0     
833    0x00000098  0010011  I-ALU     3         0      0      0     
834    0x0000005c  0010011  I-ALU     20        0      0      0     
837    0x00000058  0110011  R-TYPE    4         0      0      0     
838    0x0000005c  0010011  I-ALU     4         0      0      0     
839    0x00000060  0110011  R-TYPE    4         0      0      0     
840    0x00000064  0000011  LOAD      4         0      0      0     
841    0x00000068  0010011  I-ALU     4         0      0      0     
842    0x0000006c  0010011  I-ALU     4         0      0      0     
843    0x00000070  0110011  R-TYPE    4         0      0      0     
844    0x00000074  0110011  R-TYPE    4         0      0      0     
845    0x00000078  0010011  I-ALU     4         0      0      0     
846    0x0000007c  0110011  R-TYPE    4         0      0      0     
847    0x00000080  0000011  LOAD      4         1      0      0     
848    0x00000084  1010011  FP-OP     4         0      0      0     
850    0x00000088  1010011  FP-OP     4         0      0      0     
851    0x0000008c  0010011  I-ALU     4         0      0      0     
852    0x00000090  0010011  I-ALU     4         0      0      0     
853    0x00000094  1100011  BRANCH    4         0      0      0     
854    0x00000098  0010011  I-ALU     4         0      0      0     
855    0x0000009c  0010011  I-ALU     4         0      0      0     
856    0x000000a0  0110011  R-TYPE    4         0      0      0     
857    0x000000a4  0110011  R-TYPE    4         0      0      0     
858    0x000000a8  0010011  I-ALU     4         0      0      0     
859    0x000000ac  0110011  R-TYPE    4         0      0      0     
860    0x000000b0  0100011  STORE     4         0      0      0     
861    0x000000b4  0010011  I-ALU     4         0      0      0     
862    0x000000b8  0010011  I-ALU     4         0      0      0     
863    0x000000bc  1100011  BRANCH    4         0      0      0     
864    0x000000c0  0010011  I-ALU     4         0      0      0     
867    0x0000004c  0010011  I-ALU     5         0      0      0     
868    0x00000050  0010011  I-ALU     5         0      0      0     
869    0x00000054  0010011  I-ALU     5         0      0      0     
870    0x00000058  0110011  R-TYPE    5         0      0      0     
871    0x0000005c  0010011  I-ALU     5         0      0      0     
872    0x00000060  0110011  R-TYPE    5         0      0      0     
873    0x00000064  0000011  LOAD      5         0      0      0     
874    0x00000068  0010011  I-ALU     5         0      0      0     
875    0x0000006c  0010011  I-ALU     5         0      0      0     
876    0x00000070  0110011  R-TYPE    5         0      0      0     
877    0x00000074  0110011  R-TYPE    5         0      0      0     
878    0x00000078  0010011  I-ALU     5         0      0      0     
879    0x0000007c  0110011  R-TYPE    5         1      0      0     
880    0x00000080  0000011  LOAD      5         0      0      0     
882    0x00000084  1010011  FP-OP     6         0      0      0     
883    0x00000088  1010011  FP-OP     5         0      0      0     
884    0x0000008c  0010011  I-ALU     5         0      0      0     
885    0x00000090  0010011  I-ALU     5         0      0      0     
886    0x00000094  1100011  BRANCH    5         0      0      0     
889    0x00000098  0010011  I-ALU     7         0      0      0     
890    0x00000054  0010011  I-ALU     6         0      0      0     
891    0x00000058  0110011  R-TYPE    6         0      0      0     
892    0x0000005c  0010011  I-ALU     6         0      0      0     
893    0x00000060  0110011  R-TYPE    6         0      0      0     
894    0x00000064  0000011  LOAD      6         0      0      0     
895    0x00000068  0010011  I-ALU     6         0      0      0     
896    0x0000006c  0010011  I-ALU     6         0      0      0     
897    0x00000070  0110011  R-TYPE    6         0      0      0     
898    0x00000074  0110011  R-TYPE    6         0      0      0     
899    0x00000078  0010011  I-ALU     6         1      0      0     
900    0x0000007c  0110011  R-TYPE    6         0      0      0     
902    0x00000080  0000011  LOAD      7         0      0      0     
903    0x00000084  1010011  FP-OP     7         0      0      0     
904    0x00000088  1010011  FP-OP     6         0      0      0     
905    0x0000008c  0010011  I-ALU     6         0      0      0     
906    0x00000090  0010011  I-ALU     6         0      0      0     
907    0x00000094  1100011  BRANCH    6         0      0      0     
908    0x00000098  0010011  I-ALU     6         0      0      0     
909    0x0000009c  0010011  I-ALU     6         0      0      0     
910    0x000000a0  0110011  R-TYPE    6         0      0      0     
911    0x000000a4  0110011  R-TYPE    6         0      0      0     
912    0x000000a8  0010011  I-ALU     6         0      0      0     
913    0x000000ac  0110011  R-TYPE    6         0      0      0     
914    0x000000b0  0100011  STORE     6         0      0      0     
915    0x000000b4  0010011  I-ALU     6         0      0      0     
916    0x000000b8  0010011  I-ALU     6         0      0      0     
919    0x000000bc  1100011  BRANCH    8         0      0      0     
920    0x000000c0  0010011  I-ALU     8         0      0      0     
921    0x0000004c  0010011  I-ALU     7         0      0      0     
922    0x00000050  0010011  I-ALU     7         0      0      0     
923    0x00000054  0010011  I-ALU     7         0      0      0     
924    0x00000058  0110011  R-TYPE    7         0      0      0     
925    0x0000005c  0010011  I-ALU     7         0      0      0     
926    0x00000060  0110011  R-TYPE    7         0      0      0     
927    0x00000064  0000011  LOAD      7         0      0      0     
928    0x00000068  0010011  I-ALU     7         0      0      0     
929    0x0000006c  0010011  I-ALU     7         0      0      0     
930    0x00000070  0110011  R-TYPE    7         0      0      0     
931    0x00000074  0110011  R-TYPE    7         1      0      0     
932    0x00000078  0010011  I-ALU     7         0      0      0     
934    0x0000007c  0110011  R-TYPE    8         0      0      0     
935    0x00000080  0000011  LOAD      8         0      0      0     
936    0x00000084  1010011  FP-OP     8         0      0      0     
937    0x00000088  1010011  FP-OP     7         0      0      0     
938    0x0000008c  0010011  I-ALU     7         0      0      0     
941    0x00000090  0010011  I-ALU     9         0      0      0     
942    0x00000094  1100011  BRANCH    9         0      0      0     
943    0x00000098  0010011  I-ALU     9         0      0      0     
944    0x00000054  0010011  I-ALU     8         0      0      0     
945    0x00000058  0110011  R-TYPE    8         0      0      0     
946    0x0000005c  0010011  I-ALU     8         0      0      0     
947    0x00000060  0110011  R-TYPE    8         0      0      0     
948    0x00000064  0000011  LOAD      8         0      0      0     
949    0x00000068  0010011  I-ALU     8         0      0      0     
950    0x0000006c  0010011  I-ALU     8         0      0      0     
951    0x00000070  0110011  R-TYPE    8         1      0      0     
952    0x00000074  0110011  R-TYPE    8         0      0      0     
954    0x00000078  0010011  I-ALU     9         0      0      0     
955    0x0000007c  0110011  R-TYPE    9         0      0      0     
956    0x00000080  0000011  LOAD      9         0      0      0     
957    0x00000084  1010011  FP-OP     9         0      0      0     
958    0x00000088  1010011  FP-OP     8         0      0      0     
959    0x0000008c  0010011  I-ALU     8         0      0      0     
960    0x00000090  0010011  I-ALU     8         0      0      0     
961    0x00000094  1100011  BRANCH    8         0      0      0     
962    0x00000098  0010011  I-ALU     8         0      0      0     
963    0x0000009c  0010011  I-ALU     8         0      0      0     
964    0x000000a0  0110011  R-TYPE    8         0      0      0     
965    0x000000a4  0110011  R-TYPE    8         0      0      0     
966    0x000000a8  0010011  I-ALU     8         0      0      0     
967    0x000000ac  0110011  R-TYPE    8         0      0      0     
968    0x000000b0  0100011  STORE     8         0      0      0     
971    0x000000b4  0010011  I-ALU     10        0      0      0     
972    0x000000b8  0010011  I-ALU     10        0      0      0     
973    0x000000bc  1100011  BRANCH    10        0      0      0     
974    0x000000c0  0010011  I-ALU     10        0      0      0     
975    0x0000004c  0010011  I-ALU     9         0      0      0     
976    0x00000050  0010011  I-ALU     9         0      0      0     
977    0x00000054  0010011  I-ALU     9         0      0      0     
978    0x00000058  0110011  R-TYPE    9         0      0      0     
979    0x0000005c  0010011  I-ALU     9         0      0      0     
980    0x00000060  0110011  R-TYPE    9         0      0      0     
981    0x00000064  0000011  LOAD      9         0      0      0     
982    0x00000068  0010011  I-ALU     9         0      0      0     
983    0x0000006c  0010011  I-ALU     9         1      0      0     
984    0x00000070  0110011  R-TYPE    9         0      0      0     
986    0x00000074  0110011  R-TYPE    10        0      0      0     
987    0x00000078  0010011  I-ALU     10        0      0      0     
988    0x0000007c  0110011  R-TYPE    10        0      0      0     
989    0x00000080  0000011  LOAD      10        0      0      0     
990    0x00000084  1010011  FP-OP     10        0      0      0     
993    0x00000088  1010011  FP-OP     11        0      0      0     
994    0x0000008c  0010011  I-ALU     11        0      0      0     
995    0x00000090  0010011  I-ALU     11        0      0      0     
996    0x00000094  1100011  BRANCH    11        0      0      0     
997    0x00000098  0010011  I-ALU     11        0      0      0     
998    0x00000054  0010011  I-ALU     10        0      0      0     
999    0x00000058  0110011  R-TYPE    10        0      0      0     
1000   0x0000005c  0010011  I-ALU     10        0      0      0     
1001   0x00000060  0110011  R-TYPE    10        0      0      0     
1002   0x00000064  0000011  LOAD      10        0      0      0     
1003   0x00000068  0010011  I-ALU     10        1      0      0     
1004   0x0000006c  0010011  I-ALU     10        0      0      0     
1006   0x00000070  0110011  R-TYPE    11        0      0      0     
1007   0x00000074  0110011  R-TYPE    11        0      0      0     
1008   0x00000078  0010011  I-ALU     11        0      0      0     
1009   0x0000007c  0110011  R-TYPE    11        0      0      0     
1010   0x00000080  0000011  LOAD      11        0      0      0     
1011   0x00000084  1010011  FP-OP     11        0      0      0     
1012   0x00000088  1010011  FP-OP     10        0      0      0     
1013   0x0000008c  0010011  I-ALU     10        0      0      0     
1014   0x00000090  0010011  I-ALU     10        0      0      0     
1015   0x00000094  1100011  BRANCH    10        0      0      0     
1016   0x00000098  0010011  I-ALU     10        0      0      0     
1017   0x0000009c  0010011  I-ALU     10        0      0      0     
1018   0x000000a0  0110011  R-TYPE    10        0      0      0     
1019   0x000000a4  0110011  R-TYPE    10        0      0      0     
1020   0x000000a8  0010011  I-ALU     10        0      0      0     
1023   0x000000ac  0110011  R-TYPE    12        0      0      0     
1024   0x000000b0  0100011  STORE     12        0      0      0     
1025   0x000000b4  0010011  I-ALU     12        0      0      0     
1026   0x000000b8  0010011  I-ALU     12        0      0      0     
1027   0x000000bc  1100011  BRANCH    12        0      0      0     
1028   0x000000c0  0010011  I-ALU     12        0      0      0     
1029   0x0000004c  0010011  I-ALU     11        0      0      0     
1030   0x00000050  0010011  I-ALU     11        0      0      0     
1031   0x00000054  0010011  I-ALU     11        0      0      0     
1032   0x00000058  0110011  R-TYPE    11        0      0      0     
1033   0x0000005c  0010011  I-ALU     11        0      0      0     
1034   0x00000060  0110011  R-TYPE    11        0      0      0     
1035   0x00000064  0000011  LOAD      11        1      0      0     
1036   0x00000068  0010011  I-ALU     11        0      0      0     
1038   0x0000006c  0010011  I-ALU     12        0      0      0     
1039   0x00000070  0110011  R-TYPE    12        0      0      0     
1040   0x00000074  0110011  R-TYPE    12        0      0      0     
1041   0x00000078  0010011  I-ALU     12        0      0      0     
1042   0x0000007c  0110011  R-TYPE    12        0      0      0     
1045   0x00000080  0000011  LOAD      14        0      0      0     
1046   0x00000084  1010011  FP-OP     14        0      0      0     
1047   0x00000088  1010011  FP-OP     13        0      0      0     
1048   0x0000008c  0010011  I-ALU     13        0      0      0     
1049   0x00000090  0010011  I-ALU     13        0      0      0     
1050   0x00000094  1100011  BRANCH    13        0      0      0     
1051   0x00000098  0010011  I-ALU     13        0      0      0     
1052   0x00000054  0010011  I-ALU     12        0      0      0     
1053   0x00000058  0110011  R-TYPE    12        0      0      0     
1054   0x0000005c  0010011  I-ALU     12        0      0      0     
1055   0x00000060  0110011  R-TYPE    12        1      0      0     
1056   0x00000064  0000011  LOAD      12        0      0      0     
1058   0x00000068  0010011  I-ALU     13        0      0      0     
1059   0x0000006c  0010011  I-ALU     13        0      0      0     
1060   0x00000070  0110011  R-TYPE    13        0      0      0     
1061   0x00000074  0110011  R-TYPE    13        0      0      0     
1062   0x00000078  0010011  I-ALU     13        0      0      0     
1063   0x0000007c  0110011  R-TYPE    13        0      0      0     
1064   0x00000080  0000011  LOAD      13        0      0      0     
1065   0x00000084  1010011  FP-OP     13        0      0      0     
1066   0x00000088  1010011  FP-OP     12        0      0      0     
1067   0x0000008c  0010011  I-ALU     12        0      0      0     
1068   0x00000090  0010011  I-ALU     12        0      0      0     
1069   0x00000094  1100011  BRANCH    12        0      0      0     
1070   0x00000098  0010011  I-ALU     12        0      0      0     
1071   0x0000009c  0010011  I-ALU     12        0      0      0     
1072   0x000000a0  0110011  R-TYPE    12        0      0      0     
1073   0x000000a4  0110011  R-TYPE    12        0      0      0     
1074   0x000000a8  0010011  I-ALU     12        0      0      0     
1075   0x000000ac  0110011  R-TYPE    12        0      0      0     
1078   0x000000b0  0100011  STORE     14        0      0      0     
1079   0x000000b4  0010011  I-ALU     14        0      0      0     
1080   0x000000b8  0010011  I-ALU     14        0      0      0     
1081   0x000000bc  1100011  BRANCH    14        0      0      0     
1082   0x000000c0  0010011  I-ALU     14        0      0      0     
1083   0x000000c4  0010011  I-ALU     14        0      0      0     
1084   0x000000c8  1100011  BRANCH    14        0      0      0     
1085   0x000000cc  0001011  CUSTOM    14        0      0      0     
1086   0x00000048  0010011  I-ALU     13        0      0      0     
1087   0x0000004c  0010011  I-ALU     13        0      0      0     
1088   0x00000050  0010011  I-ALU     13        0      0      0     
1089   0x00000054  0010011  I-ALU     13        0      0      0     
1090   0x00000058  0110011  R-TYPE    13        0      0      0     
1091   0x0000005c  0010011  I-ALU     13        1      0      0     
1092   0x00000060  0110011  R-TYPE    13        0      0      0     
1094   0x00000064  0000011  LOAD      14        0      0      0     
1095   0x00000068  0010011  I-ALU     14        0      0      0     
1096   0x0000006c  0010011  I-ALU     14        0      0      0     
1097   0x00000070  0110011  R-TYPE    14        0      0      0     
1098   0x00000074  0110011  R-TYPE    14        0      0      0     
1101   0x00000078  0010011  I-ALU     16        0      0      0     
1102   0x0000007c  0110011  R-TYPE    16        0      0      0     
1103   0x00000080  0000011  LOAD      16        0      0      0     
1104   0x00000084  1010011  FP-OP     16        0      0      0     
1105   0x00000088  1010011  FP-OP     15        0      0      0     
1106   0x0000008c  0010011  I-ALU     15        0      0      0     
1107   0x00000090  0010011  I-ALU     15        0      0      0     
1108   0x00000094  1100011  BRANCH    15        0      0      0     
1109   0x00000098  0010011  I-ALU     15        0      0      0     
1110   0x00000054  0010011  I-ALU     14        0      0      0     
1111   0x00000058  0110011  R-TYPE    14        1      0      0     
1112   0x0000005c  0010011  I-ALU     14        0      0      0     
1114   0x00000060  0110011  R-TYPE    15        0      0      0     
1115   0x00000064  0000011  LOAD      15        0      0      0     
1116   0x00000068  0010011  I-ALU     15        0      0      0     
1117   0x0000006c  0010011  I-ALU     15        0      0      0     
1118   0x00000070  0110011  R-TYPE    15        0      0      0     
1119   0x00000074  0110011  R-TYPE    15        0      0      0     
1120   0x00000078  0010011  I-ALU     15        0      0      0     
1121   0x0000007c  0110011  R-TYPE    15        0      0      0     
1122   0x00000080  0000011  LOAD      15        0      0      0     
1123   0x00000084  1010011  FP-OP     15        0      0      0     
1124   0x00000088  1010011  FP-OP     14        0      0      0     
1125   0x0000008c  0010011  I-ALU     14        0      0      0     
1126   0x00000090  0010011  I-ALU     14        0      0      0     
1127   0x00000094  1100011  BRANCH    14        0      0      0     
1128   0x00000098  0010011  I-ALU     14        0      0      0     
1131   0x0000009c  0010011  I-ALU     16        0      0      0     
1132   0x000000a0  0110011  R-TYPE    16        0      0      0     
1133   0x000000a4  0110011  R-TYPE    16        0      0      0     
1134   0x000000a8  0010011  I-ALU     16        0      0      0     
1135   0x000000ac  0110011  R-TYPE    16        0      0      0     
1136   0x000000b0  0100011  STORE     16        0      0      0     
1137   0x000000b4  0010011  I-ALU     16        0      0      0     
1138   0x000000b8  0010011  I-ALU     16        0      0      0     
1139   0x000000bc  1100011  BRANCH    16        0      0      0     
1140   0x000000c0  0010011  I-ALU     16        0      0      0     
1141   0x0000004c  0010011  I-ALU     15        0      0      0     
1142   0x00000050  0010011  I-ALU     15        0      0      0     
1143   0x00000054  0010011  I-ALU     15        1      0      0     
1144   0x00000058  0110011  R-TYPE    15        0      0      0     
1146   0x0000005c  0010011  I-ALU     16        0      0      0     
1147   0x00000060  0110011  R-TYPE    16        0      0      0     
1148   0x00000064  0000011  LOAD      16        0      0      0     
1149   0x00000068  0010011  I-ALU     16        0      0      0     
1150   0x0000006c  0010011  I-ALU     16        0      0      0     
1153   0x00000070  0110011  R-TYPE    18        0      0      0     
1154   0x00000074  0110011  R-TYPE    18        0      0      0     
1155   0x00000078  0010011  I-ALU     18        0      0      0     
1156   0x0000007c  0110011  R-TYPE    18        0      0      0     
1157   0x00000080  0000011  LOAD      18        0      0      0     
1158   0x00000084  1010011  FP-OP     18        0      0      0     
1159   0x00000088  1010011  FP-OP     17        0      0      0     
1160   0x0000008c  0010011  I-ALU     17        0      0      0     
1161   0x00000090  0010011  I-ALU     17        0      0      0     
1162   0x00000094  1100011  BRANCH    17        0      0      0     
1163   0x00000098  0010011  I-ALU     17        1      0      0     
1164   0x00000054  0010011  I-ALU     16        0      0      0     
1166   0x00000058  0110011  R-TYPE    17        0      0      0     
1167   0x0000005c  0010011  I-ALU     17        0      0      0     
1168   0x00000060  0110011  R-TYPE    17        0      0      0     
1169   0x00000064  0000011  LOAD      17        0      0      0     
1170   0x00000068  0010011  I-ALU     17        0      0      0     
1171   0x0000006c  0010011  I-ALU     17        0      0      0     
1172   0x00000070  0110011  R-TYPE    17        0      0      0     
1173   0x00000074  0110011  R-TYPE    17        0      0      0     
1174   0x00000078  0010011  I-ALU     17        0      0      0     
1175   0x0000007c  0110011  R-TYPE    17        0      0      0     
1176   0x00000080  0000011  LOAD      17        0      0      0     
1177   0x00000084  1010011  FP-OP     17        0      0      0     
1178   0x00000088  1010011  FP-OP     16        0      0      0     
1179   0x0000008c  0010011  I-ALU     16        0      0      0     
1180   0x00000090  0010011  I-ALU     16        0      0      0     
1183   0x00000094  1100011  BRANCH    18        0      0      0     
1184   0x00000098  0010011  I-ALU     18        0      0      0     
1185   0x0000009c  0010011  I-ALU     18        0      0      0     
1186   0x000000a0  0110011  R-TYPE    18        0      0      0     
1187   0x000000a4  0110011  R-TYPE    18        0      0      0     
1188   0x000000a8  0010011  I-ALU     18        0      0      0     
1189   0x000000ac  0110011  R-TYPE    18        0      0      0     
1190   0x000000b0  0100011  STORE     18        0      0      0     
1191   0x000000b4  0010011  I-ALU     18        0      0      0     
1192   0x000000b8  0010011  I-ALU     18        0      0      0     
1193   0x000000bc  1100011  BRANCH    18        0      0      0     
1194   0x000000c0  0010011  I-ALU     18        0      0      0     
1195   0x0000004c  0010011  I-ALU     17        1      0      0     
1196   0x00000050  0010011  I-ALU     17        0      0      0     
1198   0x00000054  0010011  I-ALU     18        0      0      0     
1199   0x00000058  0110011  R-TYPE    18        0      0      0     
1200   0x0000005c  0010011  I-ALU     18        0      0      0     
1201   0x00000060  0110011  R-TYPE    18        0      0      0     
1202   0x00000064  0000011  LOAD      18        0      0      0     
1205   0x00000068  0010011  I-ALU     20        0      0      0     
1206   0x0000006c  0010011  I-ALU     20        0      0      0     
1207   0x00000070  0110011  R-TYPE    20        0      0      0     
1208   0x00000074  0110011  R-TYPE    20        0      0      0     
1209   0x00000078  0010011  I-ALU     20        0      0      0     
1210   0x0000007c  0110011  R-TYPE    20        0      0      0     
1211   0x00000080  0000011  LOAD      20        0      0      0     
1212   0x00000084  1010011  FP-OP     20        0      0      0     
1213   0x00000088  1010011  FP-OP     19        0      0      0     
1214   0x0000008c  0010011  I-ALU     19        0      0      0     
1215   0x00000090  0010011  I-ALU     19        1      0      0     
1216   0x00000094  1100011  BRANCH    19        0      0      0     
1218   0x00000098  0010011  I-ALU     20        0      0      0     
1219   0x00000054  0010011  I-ALU     19        0      0      0     
1220   0x00000058  0110011  R-TYPE    19        0      0      0     
1221   0x0000005c  0010011  I-ALU     19        0      0      0     
1223   0x000000a0  0110011  R-TYPE    3         0      0      0     
1224   0x000000a4  0110011  R-TYPE    3         0      0      0     
1225   0x000000a8  0010011  I-ALU     3         0      0      0     
1226   0x000000ac  0110011  R-TYPE    3         0      0      0     
1227   0x000000b0  0100011  STORE     3         0      0      0     
1228   0x000000b4  0010011  I-ALU     3         0      0      0     
1229   0x000000b8  0010011  I-ALU     3         0      0      0     
1230   0x000000bc  1100011  BRANCH    3         0      0      0     
1231   0x000000c0  0010011  I-ALU     3         0      0      0     
1232   0x00000084  1010011  FP-OP     20        0      0      0     
1235   0x00000050  0010011  I-ALU     4         0      0      0     
1236   0x00000054  0010011  I-ALU     4         0      0      0     
1237   0x00000058  0110011  R-TYPE    4         0      0      0     
1238   0x0000005c  0010011  I-ALU     4         0      0      0     
1239   0x00000060  0110011  R-TYPE    4         0      0      0     
1240   0x00000064  0000011  LOAD      4         0      0      0     
1241   0x00000068  0010011  I-ALU     4         0      0      0     
1242   0x0000006c  0010011  I-ALU     4         0      0      0     
1243   0x00000070  0110011  R-TYPE    4         0      0      0     
1244   0x00000074  0110011  R-TYPE    4         0      0      0     
1245   0x00000078  0010011  I-ALU     4         0      0      0     
1246   0x0000007c  0110011  R-TYPE    4         0      0      0     
1247   0x00000080  0000011  LOAD      4         1      0      0     
1248   0x00000084  1010011  FP-OP     4         0      0      0     
1250   0x00000088  1010011  FP-OP     4         0      0      0     
1251   0x0000008c  0010011  I-ALU     4         0      0      0     
1252   0x00000090  0010011  I-ALU     4         0      0      0     
1253   0x00000094  1100011  BRANCH    4         0      0      0     
1254   0x00000098  0010011  I-ALU     4         0      0      0     
1257   0x00000054  0010011  I-ALU     5         0      0      0     
1258   0x00000058  0110011  R-TYPE    5         0      0      0     
1259   0x0000005c  0010011  I-ALU     5         0      0      0     
1260   0x00000060  0110011  R-TYPE    5         0      0      0     
1261   0x00000064  0000011  LOAD      5         0      0      0     
1262   0x00000068  0010011  I-ALU     5         0      0      0     
1263   0x0000006c  0010011  I-ALU     5         0      0      0     
1264   0x00000070  0110011  R-TYPE    5         0      0      0     
1265   0x00000074  0110011  R-TYPE    5         0      0      0     
1266   0x00000078  0010011  I-ALU     5         0      0      0     
1267   0x0000007c  0110011  R-TYPE    5         1      0      0     
1268   0x00000080  0000011  LOAD      5         0      0      0     
1270   0x00000084  1010011  FP-OP     6         0      0      0     
1271   0x00000088  1010011  FP-OP     5         0      0      0     
1272   0x0000008c  0010011  I-ALU     5         0      0      0     
1273   0x00000090  0010011  I-ALU     5         0      0      0     
1274   0x00000094  1100011  BRANCH    5         0      0      0     
1275   0x00000098  0010011  I-ALU     5         0      0      0     
1276   0x0000009c  0010011  I-ALU     5         0      0      0     
1277   0x000000a0  0110011  R-TYPE    5         0      0      0     
1278   0x000000a4  0110011  R-TYPE    5         0      0      0     
1279   0x000000a8  0010011  I-ALU     5         0      0      0     
1280   0x000000ac  0110011  R-TYPE    5         0      0      0     
1281   0x000000b0  0100011  STORE     5         0      0      0     
1282   0x000000b4  0010011  I-ALU     5         0      0      0     
1283   0x000000b8  0010011  I-ALU     5         0      0      0     
1284   0x000000bc  1100011  BRANCH    5         0      0      0     
1287   0x000000c0  0010011  I-ALU     7         0      0      0     
1288   0x0000004c  0010011  I-ALU     6         0      0      0     
1289   0x00000050  0010011  I-ALU     6         0      0      0     
1290   0x00000054  0010011  I-ALU     6         0      0      0     
1291   0x00000058  0110011  R-TYPE    6         0      0      0     
1292   0x0000005c  0010011  I-ALU     6         0      0      0     
1293   0x00000060  0110011  R-TYPE    6         0      0      0     
1294   0x00000064  0000011  LOAD      6         0      0      0     
1295   0x00000068  0010011  I-ALU     6         0      0      0     
1296   0x0000006c  0010011  I-ALU     6         0      0      0     
1297   0x00000070  0110011  R-TYPE    6         0      0      0     
1298   0x00000074  0110011  R-TYPE    6         0      0      0     
1299   0x00000078  0010011  I-ALU     6         1      0      0     
1300   0x0000007c  0110011  R-TYPE    6         0      0      0     
1302   0x00000080  0000011  LOAD      7         0      0      0     
1303   0x00000084  1010011  FP-OP     7         0      0      0     
1304   0x00000088  1010011  FP-OP     6         0      0      0     
1305   0x0000008c  0010011  I-ALU     6         0      0      0     
1306   0x00000090  0010011  I-ALU     6         0      0      0     
1309   0x00000094  1100011  BRANCH    8         0      0      0     
1310   0x00000098  0010011  I-ALU     8         0      0      0     
1311   0x00000054  0010011  I-ALU     7         0      0      0     
1312   0x00000058  0110011  R-TYPE    7         0      0      0     
1313   0x0000005c  0010011  I-ALU     7         0      0      0     
1314   0x00000060  0110011  R-TYPE    7         0      0      0     
1315   0x00000064  0000011  LOAD      7         0      0      0     
1316   0x00000068  0010011  I-ALU     7         0      0      0     
1317   0x0000006c  0010011  I-ALU     7         0      0      0     
1318   0x00000070  0110011  R-TYPE    7         0      0      0     
1319   0x00000074  0110011  R-TYPE    7         1      0      0     
1320   0x00000078  0010011  I-ALU     7         0      0      0     
1322   0x0000007c  0110011  R-TYPE    8         0      0      0     
1323   0x00000080  0000011  LOAD      8         0      0      0     
1324   0x00000084  1010011  FP-OP     8         0      0      0     
1325   0x00000088  1010011  FP-OP     7         0      0      0     
1326   0x0000008c  0010011  I-ALU     7         0      0      0     
1327   0x00000090  0010011  I-ALU     7         0      0      0     
1328   0x00000094  1100011  BRANCH    7         0      0      0     
1329   0x00000098  0010011  I-ALU     7         0      0      0     
1330   0x0000009c  0010011  I-ALU     7         0      0      0     
1331   0x000000a0  0110011  R-TYPE    7         0      0      0     
1332   0x000000a4  0110011  R-TYPE    7         0      0      0     
1333   0x000000a8  0010011  I-ALU     7         0      0      0     
1334   0x000000ac  0110011  R-TYPE    7         0      0      0     
1335   0x000000b0  0100011  STORE     7         0      0      0     
1336   0x000000b4  0010011  I-ALU     7         0      0      0     
1339   0x000000b8  0010011  I-ALU     9         0      0      0     
1340   0x000000bc  1100011  BRANCH    9         0      0      0     
1341   0x000000c0  0010011  I-ALU     9         0      0      0     
1342   0x0000004c  0010011  I-ALU     8         0      0      0     
1343   0x00000050  0010011  I-ALU     8         0      0      0     
1344   0x00000054  0010011  I-ALU     8         0      0      0     
1345   0x00000058  0110011  R-TYPE    8         0      0      0     
1346   0x0000005c  0010011  I-ALU     8         0      0      0     
1347   0x00000060  0110011  R-TYPE    8         0      0      0     
1348   0x00000064  0000011  LOAD      8         0      0      0     
1349   0x00000068  0010011  I-ALU     8         0      0      0     
1350   0x0000006c  0010011  I-ALU     8         0      0      0     
1351   0x00000070  0110011  R-TYPE    8         1      0      0     
1352   0x00000074  0110011  R-TYPE    8         0      0      0     
1354   0x00000078  0010011  I-ALU     9         0      0      0     
1355   0x0000007c  0110011  R-TYPE    9         0      0      0     
1356   0x00000080  0000011  LOAD      9         0      0      0     
1357   0x00000084  1010011  FP-OP     9         0      0      0     
1358   0x00000088  1010011  FP-OP     8         0      0      0     
1361   0x0000008c  0010011  I-ALU     10        0      0      0     
1362   0x00000090  0010011  I-ALU     10        0      0      0     
1363   0x00000094  1100011  BRANCH    10        0      0      0     
1364   0x00000098  0010011  I-ALU     10        0      0      0     
1365   0x00000054  0010011  I-ALU     9         0      0      0     
1366   0x00000058  0110011  R-TYPE    9         0      0      0     
1367   0x0000005c  0010011  I-ALU     9         0      0      0     
1368   0x00000060  0110011  R-TYPE    9         0      0      0     
1369   0x00000064  0000011  LOAD      9         0      0      0     
1370   0x00000068  0010011  I-ALU     9         0      0      0     
1371   0x0000006c  0010011  I-ALU     9         1      0      0     
1372   0x00000070  0110011  R-TYPE    9         0      0      0     
1374   0x00000074  0110011  R-TYPE    10        0      0      0     
1375   0x00000078  0010011  I-ALU     10        0      0      0     
1376   0x0000007c  0110011  R-TYPE    10        0      0      0     
1377   0x00000080  0000011  LOAD      10        0      0      0     
1378   0x00000084  1010011  FP-OP     10        0      0      0     
1379   0x00000088  1010011  FP-OP     9         0      0      0     
1380   0x0000008c  0010011  I-ALU     9         0      0      0     
1381   0x00000090  0010011  I-ALU     9         0      0      0     
1382   0x00000094  1100011  BRANCH    9         0      0      0     
1383   0x00000098  0010011  I-ALU     9         0      0      0     
1384   0x0000009c  0010011  I-ALU     9         0      0      0     
1385   0x000000a0  0110011  R-TYPE    9         0      0      0     
1386   0x000000a4  0110011  R-TYPE    9         0      0      0     
1387   0x000000a8  0010011  I-ALU     9         0      0      0     
1388   0x000000ac  0110011  R-TYPE    9         0      0      0     
1389   0x000000b0  0100011  STORE     9         0      0      0     
1390   0x000000b4  0010011  I-ALU     9         0      0      0     
1391   0x000000b8  0010011  I-ALU     9         0      0      0     
1392   0x000000bc  1100011  BRANCH    9         0      0      0     
1393   0x000000c0  0010011  I-ALU     9         0      0      0     
-------------------------------------------------------------

=============================================================
 INSTRUCTION CLASS SUMMARY
CLASS         COUNT   TOT-T-ST   AVG-T-ST  TOT-STALL
-------------------------------------------------------------
R-TYPE          299       3261         10       1796
I-ALU           585       6424         10       3554
LOAD             90       1006         11        562
STORE            40        440         11        245
BRANCH           89       1000         11        568
LUI              12        137         11         80
FP-OP            91       1044         11        595
CUSTOM            3         34         11         21
-------------------------------------------------------------
TOTAL          1209          -          -       7421
=============================================================

[TRACER] CPI stall overhead: haz=48  alu=0  cache=0
Testbenchs/tb_cycle_tracer.v:351: $finish called at 13965000 (1ps)
1394   0x000000c4  0010011  I-ALU     9         0      0      0     
